1:ItNr	2:Metric	3a:Time	3b:StepSize	4:||Gradient||	Time[ms]
0	-0.530959	0.000000	2211.274792	0.006728	64878.6
1	-0.539809	0.000000	2211.274792	0.006674	25.4
2	-0.532816	0.000000	2211.274792	0.009628	26.5
3	-0.535869	1.000000	2110.762301	0.008353	26.2
4	-0.520258	2.000000	2018.990027	0.007560	26.3
5	-0.529747	3.000000	1934.865449	0.008876	26.0
6	-0.542755	2.032573	2016.134778	0.008158	26.4
7	-0.523458	2.905881	1942.483107	0.005847	26.2
8	-0.525834	1.945862	2023.753611	0.007849	26.4
9	-0.524327	2.942554	1939.507830	0.007318	26.2
10	-0.546402	3.848202	1868.818175	0.007683	26.0
11	-0.518261	2.910691	1942.092407	0.007086	26.9
12	-0.516990	3.910688	1864.130429	0.007477	27.9
13	-0.535783	4.901243	1792.839443	0.007773	25.7
14	-0.524476	5.901243	1726.194217	0.007591	26.4
15	-0.517319	4.934300	1790.554234	0.010540	26.1
16	-0.498505	4.205940	1842.294735	0.008734	26.5
17	-0.507067	3.238513	1915.825912	0.009256	26.4
18	-0.530455	4.238513	1839.917084	0.008667	26.1
19	-0.525529	5.238513	1769.794318	0.006850	26.5
20	-0.521180	4.271581	1837.509528	0.008582	26.1
21	-0.516344	5.271578	1767.566871	0.009551	25.9
22	-0.511976	6.271578	1702.753354	0.008686	26.2
23	-0.544382	7.271578	1642.524903	0.011144	26.7
24	-0.528334	8.271578	1586.411600	0.006622	26.3
25	-0.530638	9.271578	1534.005626	0.007535	26.0
26	-0.515725	9.715282	1511.845814	0.007827	26.1
27	-0.496939	10.538661	1472.376103	0.008496	26.3
28	-0.543310	11.538661	1427.126051	0.011394	25.7
29	-0.527473	10.571382	1470.850117	0.010036	26.5
30	-0.536696	11.571382	1425.692374	0.009608	28.5
31	-0.515603	12.571382	1383.224882	0.011096	27.4
32	-0.528323	13.571382	1343.214199	0.008054	27.1
33	-0.504999	14.571268	1305.457266	0.006521	26.3
34	-0.537666	15.562817	1270.054521	0.005745	26.0
35	-0.515216	16.562773	1236.244463	0.008563	26.6
36	-0.532684	17.562043	1204.209302	0.007186	26.3
37	-0.539014	16.615951	1234.496773	0.007539	26.5
38	-0.520745	17.615804	1202.532788	0.008714	26.0
39	-0.508581	17.034714	1220.904960	0.006607	28.7
40	-0.524213	16.067286	1252.769627	0.008599	28.5
41	-0.516954	16.797927	1228.553378	0.008909	26.9
42	-0.515054	17.233184	1214.567194	0.006910	26.5
43	-0.540673	16.267904	1246.025815	0.007788	26.7
44	-0.532258	15.306168	1279.032563	0.006474	26.4
45	-0.509706	16.306168	1244.747815	0.009372	26.2
46	-0.523862	15.338749	1277.885786	0.007835	26.3
47	-0.502168	14.480918	1308.781536	0.007006	26.3
48	-0.526243	15.480917	1272.905791	0.007967	27.4
49	-0.523012	16.461205	1239.596286	0.008663	27.1
50	-0.547749	17.461205	1207.366503	0.007295	29.0
51	-0.512830	16.493778	1238.519390	0.008743	27.3
52	-0.532830	15.526350	1271.322491	0.009287	27.4
53	-0.521640	14.558924	1305.910473	0.007835	26.1
54	-0.516530	15.555758	1270.299773	0.008281	26.4
55	-0.528016	16.555756	1236.475455	0.008805	26.1
56	-0.538743	15.901433	1258.400185	0.008540	27.5
57	-0.511740	16.901433	1225.198269	0.008413	27.6
58	-0.520787	15.934006	1257.290384	0.008562	27.2
59	-0.530652	16.934006	1224.146234	0.008998	27.6
60	-0.536842	16.991800	1222.284051	0.009359	26.2
61	-0.537805	17.991800	1190.936843	0.010049	27.8
62	-0.524202	17.024373	1221.236994	0.009662	27.8
63	-0.523686	17.643957	1201.656714	0.008932	26.7
64	-0.508036	16.676723	1232.505565	0.007141	27.2
65	-0.525889	17.676723	1200.638714	0.008414	27.8
66	-0.521989	16.714678	1231.265210	0.007353	27.7
67	-0.519550	17.714397	1199.470345	0.007420	28.4
68	-0.516226	18.712975	1169.309784	0.007447	26.1
69	-0.521599	19.712975	1140.588970	0.007823	26.0
70	-0.528851	20.712848	1113.248633	0.011060	25.9
71	-0.568191	21.712848	1087.185078	0.009772	25.5
72	-0.539500	21.074510	1103.679410	0.009915	26.1
73	-0.534749	20.111960	1129.519755	0.009681	26.0
74	-0.511726	19.144534	1156.739549	0.007906	26.0
75	-0.528520	18.177107	1185.303717	0.009380	25.8
76	-0.531637	17.209680	1215.314298	0.008494	26.2
77	-0.519079	18.209680	1184.319036	0.009358	25.8
78	-0.520690	19.205935	1154.973023	0.008460	29.3
79	-0.528649	19.364468	1150.436844	0.009170	26.4
80	-0.548399	20.364462	1122.624793	0.008455	26.1
81	-0.528834	19.397088	1149.507862	0.010522	26.2
82	-0.525672	18.429949	1177.703039	0.008685	26.1
83	-0.525866	17.462522	1207.325174	0.007085	25.4
84	-0.531688	18.462516	1176.731111	0.010814	26.2
85	-0.529218	19.462516	1147.649106	0.009073	25.5
86	-0.526243	18.495089	1175.760631	0.008066	25.7
87	-0.528654	19.443168	1148.198149	0.007774	25.7
88	-0.515553	20.443168	1120.492783	0.007196	27.8
89	-0.525122	21.443168	1094.092944	0.009761	26.7
90	-0.526611	22.340039	1071.451979	0.008340	26.6
91	-0.528703	21.644099	1088.937781	0.007453	26.1
92	-0.497959	22.644098	1063.987409	0.007444	25.9
93	-0.519136	21.678334	1088.064267	0.007611	25.8
94	-0.534533	20.715968	1113.165363	0.010676	25.7
95	-0.532757	19.750458	1139.539854	0.010335	26.3
96	-0.520826	18.783030	1167.250716	0.006690	26.1
97	-0.518635	19.756265	1139.377475	0.010387	26.8
98	-0.525120	18.788912	1167.078169	0.005621	26.9
99	-0.529462	17.821485	1196.161636	0.008475	26.4
100	-0.526004	18.022548	1189.998423	0.011408	26.9
101	-0.518113	17.055121	1220.250236	0.007650	25.7
102	-0.527567	16.096867	1251.770688	0.007962	25.9
103	-0.508047	16.876301	1226.011227	0.007533	25.6
104	-0.540832	17.875136	1194.510816	0.006008	26.7
105	-0.515965	18.792785	1166.964576	0.006688	29.1
106	-0.511451	17.828159	1195.956020	0.009367	26.7
107	-0.525951	16.968363	1223.038522	0.006789	28.4
108	-0.534188	16.011546	1254.656322	0.011125	27.5
109	-0.528454	17.011358	1221.655125	0.009487	26.1
110	-0.541227	16.043970	1253.558141	0.006453	25.6
111	-0.531804	15.495396	1272.400781	0.009005	25.8
112	-0.528503	16.405338	1241.447701	0.006518	25.3
113	-0.527101	15.439612	1274.348659	0.006829	26.4
114	-0.525652	14.472672	1309.085790	0.007412	27.1
115	-0.516145	13.505244	1345.788773	0.010805	27.2
116	-0.526330	14.505240	1307.885006	0.005847	26.3
117	-0.545813	13.715665	1337.631615	0.006552	25.9
118	-0.514487	14.715665	1300.179376	0.007769	26.0
119	-0.512841	15.715607	1264.769252	0.006593	25.5
120	-0.530215	16.678971	1232.432043	0.009068	25.9
121	-0.510152	15.717124	1264.717004	0.006666	26.5
122	-0.529615	16.717124	1231.185365	0.010471	27.6
123	-0.515146	15.749702	1263.595852	0.010544	27.5
124	-0.539742	14.782274	1297.759058	0.011807	27.7
125	-0.535974	13.814863	1333.820300	0.006617	25.9
126	-0.506771	12.847435	1371.943551	0.008392	25.6
127	-0.529965	11.882033	1412.223218	0.007385	26.0
128	-0.523526	12.882033	1370.542625	0.013446	25.7
129	-0.540328	13.882033	1331.251835	0.010092	27.1
130	-0.498443	12.914683	1369.223197	0.007769	27.3
131	-0.506276	13.802649	1334.288400	0.009494	26.2
132	-0.516550	13.628862	1340.984592	0.007465	25.9
133	-0.525834	12.662285	1379.489575	0.005823	26.9
134	-0.511263	13.662284	1339.691597	0.005647	26.8
135	-0.523890	12.694857	1378.156053	0.010923	29.3
136	-0.544860	12.415697	1389.669379	0.007618	26.6
137	-0.524057	13.415696	1349.290461	0.007503	25.8
138	-0.526317	12.463106	1387.700537	0.007793	26.4
139	-0.527377	13.463101	1347.434476	0.009313	26.0
140	-0.526586	12.495682	1386.350954	0.006300	25.4
141	-0.517379	13.495678	1346.161978	0.007130	26.2
142	-0.517195	12.824526	1372.872762	0.007129	25.8
143	-0.504667	13.823655	1333.483555	0.007816	26.2
144	-0.499860	12.856227	1371.587284	0.006070	26.2
145	-0.540319	11.889466	1411.904079	0.008553	25.9
146	-0.544199	12.876180	1370.779409	0.008028	25.3
147	-0.544814	11.908753	1411.076576	0.011102	26.4
148	-0.540960	12.908753	1369.462643	0.006293	26.0
149	-0.534137	13.908753	1330.232865	0.007620	25.8
150	-0.512551	12.941326	1368.148387	0.007735	26.2
151	-0.526147	12.011835	1406.670370	0.009466	25.6
152	-0.539624	11.061884	1448.348137	0.007649	26.1
153	-0.529510	11.877094	1412.435387	0.007749	26.0
154	-0.531003	10.909783	1455.251856	0.008352	28.4
155	-0.525863	11.898634	1411.510588	0.010899	29.0
156	-0.526630	12.898561	1369.874410	0.009433	30.4
157	-0.497695	13.898561	1330.621376	0.006998	29.6
158	-0.526080	14.898482	1293.558065	0.007544	29.7
159	-0.530480	15.896065	1258.583293	0.010820	28.5
160	-0.512840	16.896065	1225.371843	0.007698	31.3
161	-0.529285	17.896065	1193.868094	0.008939	30.2
162	-0.520500	18.896065	1163.943636	0.006759	26.3
163	-0.520814	17.928637	1192.869153	0.010120	25.6
164	-0.534147	18.602772	1172.563640	0.008902	25.4
165	-0.519749	17.635345	1201.924581	0.009306	25.4
166	-0.530559	17.765447	1197.890743	0.008233	25.6
167	-0.521818	18.765439	1167.767067	0.012020	25.3
168	-0.520755	19.765439	1139.121060	0.008517	27.4
169	-0.524645	20.765439	1111.846810	0.007814	28.3
170	-0.522835	19.831507	1137.277905	0.009570	30.0
171	-0.499019	18.864080	1164.877515	0.008346	29.0
172	-0.527148	17.896653	1193.850044	0.005651	27.1
173	-0.518582	18.896646	1163.926673	0.006776	28.4
174	-0.494713	17.929546	1192.841309	0.010410	26.7
175	-0.498714	18.901298	1163.790991	0.007426	25.5
176	-0.509019	17.933945	1192.706527	0.010171	25.1
177	-0.501384	16.966518	1223.097960	0.010925	25.5
178	-0.540389	16.867524	1226.295392	0.013506	25.1
179	-0.511534	15.910499	1258.091111	0.008446	26.1
180	-0.500192	16.910395	1224.908655	0.007907	26.1
181	-0.525493	17.862753	1194.891423	0.007757	26.4
182	-0.510207	16.895326	1225.395730	0.006904	27.8
183	-0.522781	15.927899	1257.498325	0.008768	27.7
184	-0.527414	16.893571	1225.452487	0.007480	28.1
185	-0.515542	17.893571	1193.944645	0.009742	28.0
186	-0.533337	16.926145	1224.399953	0.006930	28.2
187	-0.530398	17.916724	1193.234316	0.010974	27.8
188	-0.536296	18.916724	1163.341223	0.008002	25.6
189	-0.538675	18.376127	1179.312804	0.009005	25.4
190	-0.522091	17.408700	1209.016999	0.009549	25.6
191	-0.515972	17.872655	1194.587050	0.009539	25.1
192	-0.528640	16.905301	1225.073261	0.008274	26.4
193	-0.513647	17.905301	1193.584666	0.006322	25.4
194	-0.521548	18.905301	1163.674237	0.006878	25.4
195	-0.498154	17.937930	1192.584479	0.009344	25.4
196	-0.513553	18.937855	1162.725706	0.006926	25.2
197	-0.531110	17.970428	1191.589969	0.009830	25.0
198	-0.504465	17.003387	1221.911353	0.005891	25.7
199	-0.527678	18.001040	1190.654667	0.009286	25.1
200	-0.522912	17.045080	1220.572289	0.011486	25.6
201	-0.529101	18.045010	1189.313841	0.007602	25.0
202	-0.506270	19.045010	1159.614414	0.006916	26.1
203	-0.546031	18.077583	1188.322480	0.008770	26.2
204	-0.557805	17.110450	1218.478681	0.009571	25.1
205	-0.551332	18.110450	1187.323877	0.009453	25.0
206	-0.513061	17.143022	1217.438156	0.010960	25.7
207	-0.529692	16.175595	1249.119774	0.007090	25.2
208	-0.526508	17.172643	1216.493461	0.006828	25.6
209	-0.528293	17.497493	1206.228444	0.008572	25.1
210	-0.517909	16.926060	1224.402709	0.008453	25.5
211	-0.538992	17.833226	1195.799981	0.007986	25.3
212	-0.541954	16.866727	1226.321198	0.013034	25.6
213	-0.540847	17.866727	1194.769244	0.006366	25.0
214	-0.503337	16.899300	1225.267234	0.008666	25.7
215	-0.512853	17.899299	1193.768823	0.009492	25.1
216	-0.514103	16.931872	1224.215110	0.007967	25.3
217	-0.528404	15.964444	1256.255067	0.007119	25.0
218	-0.519704	16.926811	1224.378461	0.010102	25.3
219	-0.545537	15.959384	1256.427081	0.007735	24.8
220	-0.519265	16.959375	1223.328100	0.010011	25.4
221	-0.520514	17.884103	1194.235355	0.007896	25.0
222	-0.533189	17.084549	1219.307339	0.006740	25.2
223	-0.504145	18.084549	1188.110680	0.009305	25.0
224	-0.536758	17.117122	1218.265383	0.007568	25.4
225	-0.536197	16.149695	1249.990630	0.008627	24.9
226	-0.530668	17.149695	1217.225214	0.007038	25.8
227	-0.552097	18.149695	1186.133656	0.008632	25.9
228	-0.541367	17.182267	1216.186826	0.011976	24.9
229	-0.528187	16.214844	1247.802360	0.008714	25.4
230	-0.518298	15.247764	1281.093370	0.007898	25.5
231	-0.539113	16.194812	1248.474393	0.008750	25.0
232	-0.500256	17.194807	1215.787557	0.011868	25.8
233	-0.524208	18.172315	1185.448705	0.010103	25.6
234	-0.534053	19.172315	1155.939609	0.008048	25.8
235	-0.528569	20.171270	1127.892589	0.006893	25.6
236	-0.523133	19.203870	1155.032344	0.008267	26.1
237	-0.518274	20.203870	1127.000212	0.009555	25.4
238	-0.496851	19.236444	1154.097292	0.007541	25.7
239	-0.530211	18.277049	1182.287655	0.010570	26.2
240	-0.523968	19.277049	1152.933776	0.008390	25.6
241	-0.522329	18.311093	1181.263779	0.007519	25.7
242	-0.514319	17.343666	1211.067578	0.007934	25.2
243	-0.523368	18.325507	1180.830813	0.008047	26.1
244	-0.523260	19.259489	1153.436666	0.008078	25.5
245	-0.536256	19.640776	1142.615244	0.007451	25.6
246	-0.528441	18.766592	1167.733216	0.008579	25.4
247	-0.515050	19.766592	1139.088851	0.005246	25.8
248	-0.525141	20.764290	1111.877399	0.006593	25.8
249	-0.526494	21.763393	1085.900063	0.006070	26.2
250	-0.518352	21.694990	1087.639806	0.009181	27.1
251	-0.520581	20.789544	1111.205477	0.007665	25.7
252	-0.516588	19.822117	1137.539501	0.006655	25.5
253	-0.504501	18.932203	1162.890278	0.007749	25.8
254	-0.500987	19.932203	1134.480122	0.006836	25.4
255	-0.530920	18.989512	1161.223730	0.009451	25.9
256	-0.508928	19.115383	1157.580145	0.007566	25.6
257	-0.527843	20.103806	1129.743822	0.009647	25.5
258	-0.533302	20.553503	1117.517582	0.009754	26.0
259	-0.529476	19.596218	1143.869367	0.009722	25.8
260	-0.493132	20.596218	1116.370007	0.007299	25.7
261	-0.515616	19.728379	1140.157583	0.011770	25.3
262	-0.506175	18.760956	1167.898744	0.010565	25.5
263	-0.529600	19.760956	1139.246355	0.006449	25.6
264	-0.538738	20.755723	1112.105528	0.010785	26.0
265	-0.523242	19.788468	1138.477938	0.006720	25.7
266	-0.519673	18.828981	1165.904063	0.007622	25.7
267	-0.505671	17.861682	1194.924370	0.008995	25.7
268	-0.499214	18.819038	1166.195186	0.010420	25.4
269	-0.532190	17.851792	1195.228546	0.007194	25.6
270	-0.533251	18.851792	1165.236707	0.008901	25.4
271	-0.525912	19.851792	1136.713191	0.008752	25.5
272	-0.510863	18.884364	1164.285085	0.006893	25.6
273	-0.515915	18.165849	1185.644424	0.009789	27.1
274	-0.536612	18.591548	1172.896066	0.011252	26.7
275	-0.528826	19.591548	1144.000985	0.008299	25.7
276	-0.531480	18.624126	1171.931738	0.008904	25.7
277	-0.519304	19.624126	1143.083567	0.009113	25.7
278	-0.508064	20.623521	1115.637745	0.010402	25.4
279	-0.525930	21.623521	1089.463517	0.008681	25.6
280	-0.526642	20.806831	1110.746008	0.009851	25.5
281	-0.530271	19.839638	1137.051466	0.008474	25.5
282	-0.536723	18.873121	1164.613379	0.005436	25.5
283	-0.538530	17.907444	1193.518919	0.008885	26.0
284	-0.531106	18.907444	1163.611744	0.011023	25.6
285	-0.516935	17.940017	1192.520558	0.009275	25.8
286	-0.506574	18.939996	1162.663372	0.010733	25.6
287	-0.540074	17.972569	1191.524502	0.007367	25.8
288	-0.500418	17.005256	1221.851272	0.009032	25.3
289	-0.536791	16.039015	1253.725856	0.006132	25.8
290	-0.518602	15.098393	1286.394417	0.008542	25.3
291	-0.529138	14.903278	1293.385253	0.006722	25.8
292	-0.538777	15.903278	1258.337276	0.010519	25.4
293	-0.509929	16.903278	1225.138636	0.008933	25.6
294	-0.532781	17.903278	1193.646724	0.008166	25.6
295	-0.529997	18.903253	1163.733956	0.008090	25.7
296	-0.495617	19.903250	1135.283148	0.010764	27.1
297	-0.495308	18.935832	1162.784592	0.008102	26.4
298	-0.522637	19.935821	1134.379862	0.006797	25.6
299	-0.510989	20.897078	1108.353438	0.009690	25.4
300	-0.533841	19.932840	1134.462467	0.009066	25.6
301	-0.516380	18.965413	1161.923964	0.007523	25.4
302	-0.506935	19.958593	1133.749159	0.007720	25.6
303	-0.533135	20.822651	1110.325849	0.007538	25.3
304	-0.514478	21.822651	1084.397379	0.009442	25.7
305	-0.522418	21.075560	1103.651884	0.012223	25.4
306	-0.521727	22.075560	1078.030583	0.008608	25.8
307	-0.505483	23.075560	1053.571890	0.008072	25.1
308	-0.524743	24.075560	1030.198428	0.010069	25.7
309	-0.499128	25.075560	1007.839537	0.008335	25.8
310	-0.523217	26.072149	986.502038	0.011058	25.7
311	-0.510937	27.072095	965.981846	0.009853	25.3
312	-0.519815	28.072095	946.296894	0.007630	26.0
313	-0.535394	29.072095	927.398206	0.006975	25.2
314	-0.543253	28.104667	945.669186	0.007964	25.6
315	-0.536627	29.102138	926.842105	0.009458	25.2
316	-0.522502	28.134710	945.090964	0.007454	25.7
317	-0.523763	29.132857	926.274175	0.009573	25.7
318	-0.522268	30.132839	908.159435	0.008943	25.6
319	-0.523336	29.165412	925.673058	0.008406	27.0
320	-0.543242	30.165412	907.581285	0.010507	26.3
321	-0.517016	29.200119	925.033083	0.006386	25.3
322	-0.518777	30.198164	907.000700	0.008510	25.4
323	-0.512568	29.230737	924.469225	0.008590	25.6
324	-0.517834	28.263310	942.623848	0.008427	25.6
325	-0.538679	27.297412	961.475342	0.008868	25.9
326	-0.523685	26.331816	981.089984	0.007761	25.2
327	-0.532648	27.331816	960.790934	0.007315	25.6
328	-0.517112	28.331816	941.314843	0.008696	25.4
329	-0.520958	29.322393	922.785418	0.008036	25.9
330	-0.550526	30.322393	904.805247	0.008052	25.6
331	-0.512944	29.362873	922.043709	0.009694	25.7
332	-0.522016	28.395446	940.102262	0.009501	25.9
333	-0.539386	28.161636	944.573335	0.008395	25.9
334	-0.524206	27.194210	963.534212	0.008455	25.6
335	-0.524527	26.226783	983.271940	0.008578	25.9
336	-0.517788	27.226783	962.883441	0.010207	25.5
337	-0.512267	26.259356	982.594227	0.008518	25.7
338	-0.513757	26.320288	981.329002	0.008057	26.0
339	-0.503490	25.352860	1001.810249	0.005904	25.4
340	-0.529972	26.352860	980.653972	0.009430	26.6
341	-0.532695	25.385434	1001.106746	0.008587	26.8
342	-0.536179	24.418010	1022.430763	0.008649	26.4
343	-0.523962	25.409322	1000.591452	0.007446	27.0
344	-0.521852	26.409005	979.492627	0.007979	25.2
345	-0.538589	25.441577	999.896498	0.008638	25.9
346	-0.517894	26.441577	978.820123	0.005928	25.3
347	-0.511172	27.435607	958.732087	0.011276	25.8
348	-0.526605	26.468180	978.271570	0.008424	25.9
349	-0.510638	25.500752	998.624073	0.008869	25.7
350	-0.521000	26.481467	977.997813	0.009016	25.7
351	-0.532153	27.417183	959.096917	0.011643	25.3
352	-0.526350	28.351171	940.945664	0.006821	25.9
353	-0.526121	29.351161	922.258194	0.010198	25.6
354	-0.509097	30.351161	904.298366	0.006474	25.7
355	-0.519392	29.703974	915.840858	0.008426	25.2
356	-0.536443	28.736546	933.654906	0.008048	26.0
357	-0.524371	29.736348	915.256476	0.008273	26.4
358	-0.527388	30.736256	897.567284	0.008591	25.5
359	-0.516004	31.736220	880.547954	0.008594	25.8
360	-0.513268	30.858579	895.450108	0.009859	25.3
361	-0.531698	29.891443	912.467161	0.008724	25.7
362	-0.522611	30.891443	894.883007	0.007886	25.8
363	-0.521886	29.924028	911.883291	0.008872	25.8
364	-0.530711	30.924028	894.321418	0.009089	26.0
365	-0.511362	29.957453	911.285156	0.007444	26.1
366	-0.528628	28.990058	928.920119	0.008597	27.0
367	-0.554852	29.990057	910.702464	0.008291	25.6
368	-0.538395	30.990057	893.185606	0.008052	25.8
369	-0.513366	30.022686	910.120065	0.008518	25.6
370	-0.517584	29.055259	927.710119	0.010616	26.1
371	-0.536570	30.055259	909.539426	0.008391	25.6
372	-0.529600	29.574037	918.193864	0.005507	25.6
373	-0.497560	28.608171	936.071006	0.007480	25.5
374	-0.536586	27.642654	954.651255	0.005654	25.4
375	-0.513638	28.642647	935.420927	0.008246	26.4
376	-0.532190	27.763076	952.293712	0.008737	25.2
377	-0.517672	26.795649	971.569002	0.007757	25.5
378	-0.531964	26.672945	974.069688	0.008641	25.3
379	-0.537748	27.606701	955.357382	0.008564	25.5
380	-0.524998	28.606701	936.098746	0.011354	25.2
381	-0.522948	29.604006	917.650081	0.011216	25.7
382	-0.512215	30.604004	899.867582	0.009438	25.6
383	-0.515378	31.603997	882.761263	0.007910	25.7
384	-0.541951	30.643098	899.186380	0.007878	25.5
385	-0.513728	31.643073	882.105995	0.011803	25.3
386	-0.526790	32.627170	865.918726	0.008578	25.5
387	-0.524289	31.659742	881.826770	0.008617	25.3
388	-0.535687	30.692315	898.330255	0.006725	25.4
389	-0.516522	31.637038	882.207145	0.010499	26.8
390	-0.526804	32.479445	868.310631	0.008035	26.8
391	-0.514471	31.512026	884.307356	0.007832	25.3
392	-0.501611	32.509631	867.820796	0.006697	25.6
393	-0.514326	31.555829	883.570324	0.006702	25.7
394	-0.530751	32.491060	868.122084	0.007680	25.1
395	-0.513721	33.397918	853.649776	0.006796	25.8
396	-0.524009	32.430491	869.106197	0.010282	24.9
397	-0.540918	31.475142	884.928910	0.008017	25.8
398	-0.536737	30.854846	895.514582	0.006439	25.6
399	-0.520695	31.769296	879.996023	0.011418	25.8
400	-0.556437	32.769196	863.631493	0.006399	25.4
401	-0.526389	31.801768	879.454841	0.007170	25.4
402	-0.513891	32.800751	863.124960	0.007888	25.6
403	-0.547417	33.800750	847.374720	0.007847	25.5
404	-0.536471	32.833323	862.602714	0.011998	25.3
405	-0.525211	31.865896	878.388041	0.010617	25.8
406	-0.534461	32.862174	862.140675	0.006224	25.6
407	-0.513367	33.862173	846.426025	0.006847	25.3
408	-0.514744	32.912182	861.340956	0.007577	25.7
409	-0.507181	33.912182	845.655166	0.007654	25.5
410	-0.542774	34.912176	830.530550	0.007077	25.6
411	-0.535567	33.944753	845.153862	0.005771	25.3
412	-0.516041	32.977339	860.301221	0.008307	26.2
413	-0.532352	33.799765	847.389955	0.008031	26.5
414	-0.514711	32.832345	862.618393	0.007132	25.9
415	-0.524607	33.832345	846.886467	0.008682	25.8
416	-0.530818	34.832279	831.719064	0.011870	25.9
417	-0.520811	35.832279	817.084439	0.009654	27.1
418	-0.517337	34.891478	830.838126	0.009160	26.4
419	-0.514237	35.891218	816.237938	0.008298	26.1
420	-0.526553	34.923909	830.356307	0.008551	25.6
421	-0.531264	35.923903	815.769267	0.008785	25.4
422	-0.538188	36.923870	801.686259	0.007610	27.1
423	-0.533096	35.956443	815.303211	0.006244	25.2
424	-0.537877	34.989015	829.390736	0.008691	25.3
425	-0.534318	35.274471	825.183599	0.008667	25.7
426	-0.527895	34.307546	839.610040	0.010954	25.7
427	-0.524434	35.307546	824.698894	0.009254	25.4
428	-0.519365	34.340118	839.115854	0.007076	25.6
429	-0.514822	33.372691	854.045843	0.006060	25.3
430	-0.532564	32.408860	869.458195	0.007047	25.3
431	-0.530632	31.441436	885.497692	0.007804	25.7
432	-0.513435	32.437579	868.990907	0.009135	25.6
433	-0.509740	31.476272	884.909863	0.009569	25.6
434	-0.510774	32.476272	868.362152	0.008896	25.6
435	-0.539214	33.475394	852.435704	0.005961	27.5
436	-0.517978	33.352432	854.364177	0.008285	31.8
437	-0.545420	32.539820	867.331460	0.009924	28.5
438	-0.537170	32.915542	861.287280	0.007396	28.3
439	-0.543594	31.948115	877.024060	0.008801	28.0
440	-0.529567	32.946206	860.797713	0.008596	28.6
441	-0.523331	31.978778	876.516446	0.008140	27.6
442	-0.534864	32.977918	860.291997	0.007885	28.4
443	-0.542666	33.977847	844.645125	0.006750	26.9
444	-0.533605	33.010420	859.774295	0.009148	27.5
445	-0.500903	32.042992	875.455333	0.006835	25.3
446	-0.516444	32.809746	862.980669	0.007539	25.6
447	-0.526515	31.861282	878.464702	0.007734	25.3
448	-0.543164	30.894919	894.823060	0.008919	25.6
449	-0.539364	29.927818	911.815437	0.007987	25.0
450	-0.511514	30.927818	894.256150	0.006256	26.0
451	-0.519388	29.960392	911.232606	0.009982	26.1
452	-0.524030	30.960172	893.699326	0.006643	26.5
453	-0.532477	31.960172	876.824395	0.010148	28.0
454	-0.509772	32.960013	860.577450	0.008726	28.2
455	-0.544170	31.992586	876.288066	0.006686	28.4
456	-0.524795	32.990993	860.083658	0.010548	29.1
457	-0.554322	32.163811	873.465803	0.005337	29.0
458	-0.523443	33.163811	857.339431	0.005908	28.3
459	-0.532189	34.156158	841.914524	0.007953	26.4
460	-0.528190	35.090893	827.884315	0.008599	25.7
461	-0.517173	36.090893	813.383152	0.007991	25.4
462	-0.519316	37.090893	799.381248	0.007234	25.4
463	-0.539155	38.090893	785.853257	0.012210	25.5
464	-0.534904	37.123502	798.932769	0.007668	25.2
465	-0.515494	36.511728	807.431324	0.005557	25.4
466	-0.521491	37.511728	793.631846	0.008225	25.3
467	-0.531615	36.711198	804.640561	0.008686	25.4
468	-0.539609	37.711198	790.935501	0.008459	25.3
469	-0.535760	36.743770	804.186673	0.007835	25.4
470	-0.516659	37.743770	790.496937	0.008442	25.8
471	-0.547414	38.743770	777.265484	0.014051	26.6
472	-0.517333	37.776343	790.058861	0.007933	25.4
473	-0.544268	38.776342	776.841959	0.012337	25.5
474	-0.520156	37.809431	789.614354	0.008262	25.4
475	-0.517866	38.809430	776.412185	0.008020	25.6
476	-0.531793	39.809430	763.644229	0.006592	25.7
477	-0.504460	40.809430	751.289411	0.007382	25.3
478	-0.515413	41.809430	739.328000	0.009557	25.9
479	-0.525823	41.253483	745.930487	0.009004	25.5
480	-0.539547	42.238080	734.316579	0.009829	25.5
481	-0.526125	41.270654	745.724798	0.008242	27.0
482	-0.522668	40.303360	757.491445	0.007518	25.7
483	-0.523285	39.336316	769.632180	0.007825	25.6
484	-0.538419	40.306855	757.448259	0.005414	25.4
485	-0.551673	41.300257	745.370451	0.009315	26.1
486	-0.529495	40.333183	757.123116	0.007695	25.3
487	-0.513522	39.365757	769.256827	0.012356	26.2
488	-0.511264	40.072150	760.359188	0.007459	27.2
489	-0.530952	39.117504	772.433448	0.010515	25.3
490	-0.548619	38.476280	780.761177	0.005795	27.3
491	-0.559105	38.945828	774.645582	0.010198	26.5
492	-0.533425	39.945828	761.935189	0.008708	25.8
493	-0.536917	38.978701	774.221017	0.009571	25.9
494	-0.542634	39.634753	765.844146	0.005975	25.4
495	-0.517232	40.433911	755.881727	0.009343	25.5
496	-0.547251	39.466483	767.975380	0.006822	25.4
497	-0.540794	40.465473	755.493589	0.010435	26.4
498	-0.519409	41.465473	743.399010	0.009325	26.8
499	-0.536079	42.465473	731.685570	0.006134	26.0
500	-0.536937	41.498045	743.011567	0.006656	25.2
501	-0.521475	40.610345	753.717096	0.006956	25.3
502	-0.520499	41.329629	745.019203	0.008627	25.6
503	-0.543116	40.363003	756.755178	0.009542	26.1
504	-0.547525	41.362996	744.620591	0.008377	27.3
505	-0.519817	42.362996	732.868928	0.008359	27.5
506	-0.527667	41.445700	743.634398	0.007664	27.3
507	-0.503492	42.445700	731.913601	0.006905	26.8
508	-0.527240	41.479141	743.236385	0.008350	28.6
509	-0.518797	42.479140	731.528031	0.011512	30.1
510	-0.524315	41.713205	740.462403	0.010320	28.5
511	-0.542889	42.713205	728.840599	0.008418	29.6
512	-0.544344	43.712962	717.580670	0.007167	27.6
513	-0.536127	44.712947	706.660900	0.014423	29.1
514	-0.541813	43.745535	717.219664	0.007853	28.5
515	-0.521215	42.780355	728.073250	0.007972	28.7
516	-0.542855	43.780348	716.834221	0.008155	28.5
517	-0.525864	44.253653	711.634808	0.009626	26.0
518	-0.535607	45.233398	701.108082	0.012020	26.9
519	-0.535215	44.265971	711.500498	0.008582	26.6
520	-0.552611	45.265971	700.763457	0.009885	28.4
521	-0.538917	45.527264	698.011130	0.008217	29.0
522	-0.510149	46.527264	687.674400	0.006893	29.9
523	-0.535706	47.527264	677.639352	0.011013	28.8
524	-0.542962	48.527264	667.892969	0.006739	29.1
525	-0.542816	49.454497	659.103005	0.009034	28.4
526	-0.521424	48.487834	668.271956	0.007702	27.4
527	-0.540527	49.487740	658.792160	0.012519	28.4
528	-0.539983	48.520313	667.959748	0.008125	29.2
529	-0.514865	49.520302	658.487975	0.011939	28.6
530	-0.542277	48.552874	667.647040	0.007096	29.1
531	-0.512795	49.552874	658.183968	0.009395	28.8
532	-0.510326	48.585447	667.334519	0.007156	28.0
533	-0.528420	49.585447	657.880240	0.010205	28.5
534	-0.518351	50.585443	648.690130	0.007529	28.2
535	-0.524545	49.618016	657.576822	0.010362	26.3
536	-0.535493	49.572991	657.996353	0.008759	26.5
537	-0.523055	50.571778	648.813985	0.007462	27.7
538	-0.550955	49.604351	657.704095	0.009047	27.0
539	-0.525351	50.230401	651.923473	0.008764	26.6
540	-0.512516	49.262974	660.899589	0.008211	25.9
541	-0.489879	48.297046	670.111838	0.009465	27.7
542	-0.528282	47.329618	679.599444	0.008801	30.3
543	-0.529009	46.362973	689.351560	0.006760	28.8
544	-0.549815	46.182488	691.203497	0.007016	28.7
545	-0.538328	45.249924	700.933196	0.007919	28.5
546	-0.536942	46.241804	690.593769	0.009404	28.5
547	-0.526597	47.241803	680.473968	0.007104	28.1
548	-0.513921	46.428338	688.683305	0.009552	26.9
549	-0.528221	47.360920	679.288266	0.007474	27.8
550	-0.504533	46.393492	689.039387	0.008469	26.3
551	-0.543965	46.498096	687.971563	0.008944	34.7
552	-0.514448	47.498095	677.927912	0.007240	32.2
553	-0.525674	46.530668	687.639737	0.006892	27.3
554	-0.529993	47.224967	680.641892	0.012086	35.0
555	-0.532932	46.257540	690.432194	0.007746	34.0
556	-0.527288	45.290112	700.508252	0.011642	30.4
557	-0.527430	44.322689	710.882722	0.007840	24.8
558	-0.513134	45.322689	700.164177	0.010575	24.9
559	-0.536859	46.321758	689.773591	0.007569	25.2
560	-0.540275	47.321758	679.677634	0.010590	26.0
561	-0.511915	48.321757	669.872957	0.009404	24.5
562	-0.509227	49.321756	660.347139	0.008842	24.7
563	-0.528770	48.357721	669.525615	0.007977	24.5
564	-0.524985	47.390360	678.995852	0.010993	24.7
565	-0.531570	48.390360	669.210690	0.007848	24.8
566	-0.536852	49.328109	660.287489	0.009449	24.8
567	-0.533640	50.328109	651.030445	0.009837	27.3
568	-0.529364	50.570760	648.823211	0.006574	28.9
569	-0.515109	49.603364	657.713290	0.008846	29.5
570	-0.537078	50.595378	648.600119	0.007663	28.9
571	-0.527921	51.437194	641.062525	0.009774	29.5
572	-0.541141	50.469947	649.738422	0.007609	30.2
573	-0.558870	49.502592	658.653379	0.008873	29.7
574	-0.518530	50.487277	649.580909	0.007884	29.2
575	-0.535738	49.554638	658.167512	0.009191	28.8
576	-0.533289	50.554157	648.973767	0.008767	28.7
577	-0.525300	50.644006	648.159881	0.009265	27.8
578	-0.541024	51.351191	641.824551	0.009445	26.7
579	-0.523577	52.351191	633.074530	0.008296	26.3
580	-0.520371	53.123636	626.477233	0.010100	26.3
581	-0.519506	52.198361	634.396320	0.006647	26.0
582	-0.519860	51.231161	642.891100	0.008284	26.9
583	-0.541464	50.263740	651.618490	0.009378	26.3
584	-0.523852	50.865931	646.158338	0.008564	26.5
585	-0.525981	49.898504	654.975326	0.007844	26.3
586	-0.524460	48.931076	664.036263	0.007510	26.1
587	-0.510626	49.931060	654.674699	0.009414	28.6
588	-0.542435	50.768033	647.039754	0.007054	26.5
589	-0.532268	51.750973	638.297591	0.011201	26.8
590	-0.518471	50.783797	646.897666	0.009109	26.7
591	-0.522315	50.241127	651.825327	0.009466	27.7
592	-0.520689	51.241126	642.802422	0.010338	26.8
593	-0.529891	52.241126	634.025899	0.008251	25.8
594	-0.521319	51.279848	642.458053	0.007375	26.7
595	-0.518223	50.312460	651.173307	0.008681	26.2
596	-0.509938	49.345034	660.128629	0.011304	26.6
597	-0.503033	48.377606	669.333710	0.008675	28.0
598	-0.501172	49.377606	659.823104	0.013095	27.0
599	-0.529827	49.481321	658.852157	0.009916	25.2
600	-0.513571	48.513894	668.021426	0.007178	24.6
601	-0.513603	49.353921	660.045244	0.007889	24.7
602	-0.517838	48.387595	669.237351	0.007564	24.7
603	-0.529257	49.373435	659.862213	0.008375	24.9
604	-0.493610	50.373435	650.617005	0.011700	25.1
605	-0.536598	49.406008	659.556934	0.007391	27.3
606	-0.523277	50.406008	650.320219	0.007507	29.0
607	-0.542367	51.406008	641.338641	0.008552	28.2
608	-0.532164	50.438593	650.023587	0.011535	28.6
609	-0.526736	51.438593	641.050144	0.009107	26.5
610	-0.531604	52.438593	632.321081	0.006452	28.3
611	-0.505292	51.471166	640.762020	0.008930	26.3
612	-0.526596	50.503738	649.431367	0.007505	25.2
613	-0.544513	51.503717	640.474346	0.006088	25.3
614	-0.514157	52.502747	631.769184	0.006339	24.9
615	-0.522431	51.555357	640.018501	0.006772	24.7
616	-0.535090	52.554171	631.327500	0.008947	24.9
617	-0.529219	51.586743	639.741756	0.007920	24.5
618	-0.520402	52.576381	631.136925	0.012605	24.9
619	-0.547651	51.608953	639.546069	0.008576	24.8
620	-0.529858	52.608936	630.857787	0.007995	26.9
621	-0.548261	53.599843	622.478125	0.010546	28.5
622	-0.527430	52.632580	630.655213	0.009431	27.8
623	-0.522946	51.704818	638.702796	0.008815	31.1
624	-0.532763	50.738733	647.304024	0.010624	30.0
625	-0.523076	49.771306	656.152516	0.009100	29.2
626	-0.512056	50.771306	647.010253	0.009544	29.7
627	-0.523252	49.803878	655.850664	0.012104	28.2
628	-0.514780	48.836453	664.935989	0.007725	26.8
629	-0.536291	47.869037	674.276459	0.007492	27.5
630	-0.534371	48.869037	664.625883	0.009210	27.4
631	-0.525353	47.901610	673.957701	0.012194	26.3
632	-0.542058	48.901544	664.316810	0.010872	24.8
633	-0.521246	49.901544	654.947242	0.009825	25.5
634	-0.534539	48.934117	664.007396	0.009918	26.1
635	-0.542183	49.934015	654.647434	0.008876	29.1
636	-0.533537	50.934015	645.546768	0.008778	28.9
637	-0.514061	51.934015	636.695661	0.008507	27.3
638	-0.543200	51.194215	643.220105	0.009123	28.7
639	-0.532641	50.350191	650.828964	0.008236	26.2
640	-0.509113	49.382763	659.774759	0.010147	27.1
641	-0.516490	50.382763	650.531985	0.008104	26.3
642	-0.510955	51.175811	643.384116	0.012896	27.1
643	-0.528670	50.208495	652.124024	0.009372	25.6
644	-0.514438	51.208495	643.092898	0.006453	25.2
645	-0.525721	52.208487	634.308572	0.007400	24.8
646	-0.520832	51.241060	642.803009	0.010253	25.5
647	-0.538558	50.273633	651.528043	0.008528	25.2
648	-0.528064	51.273633	642.513302	0.009032	25.1
649	-0.523841	52.273609	633.744824	0.006324	24.8
650	-0.539212	51.306182	642.224072	0.009830	25.3
651	-0.521056	51.738396	638.407955	0.008849	25.3
652	-0.535708	50.770969	647.013286	0.006824	27.0
653	-0.526313	49.803542	655.853782	0.009139	30.5
654	-0.507390	48.836118	664.939172	0.006961	32.4
655	-0.519251	47.868691	674.279852	0.005988	28.8
656	-0.532150	47.209900	680.792244	0.010619	28.4
657	-0.536658	46.242472	690.586901	0.011194	28.0
658	-0.529570	47.181562	681.075194	0.010109	27.6
659	-0.532916	46.214135	690.878055	0.008300	27.4
660	-0.519246	45.343603	699.943453	0.008415	26.9
661	-0.529796	44.376196	710.300895	0.007169	26.6
662	-0.519896	45.376090	699.600875	0.009803	27.2
663	-0.518921	46.376089	689.217364	0.011565	25.7
664	-0.535933	47.376089	679.137563	0.007807	27.4
665	-0.537486	48.376089	669.348346	0.010547	29.3
666	-0.547785	49.376075	659.837462	0.009449	29.3
667	-0.535369	48.408647	669.034369	0.011329	27.9
668	-0.528648	47.441220	678.491274	0.007170	27.0
669	-0.515436	48.441220	668.720546	0.009350	24.7
670	-0.555832	47.474364	678.162863	0.008949	24.7
671	-0.533190	46.506937	687.881468	0.007379	25.2
672	-0.512102	45.589775	697.355873	0.007349	26.8
673	-0.517891	46.589775	687.038398	0.008089	25.5
674	-0.518088	47.589775	677.021768	0.009369	24.8
675	-0.519656	46.639605	686.532258	0.008315	24.6
676	-0.520436	45.672177	696.493986	0.009767	26.5
677	-0.529592	46.672177	686.201809	0.009458	26.8
678	-0.507677	45.704750	696.153879	0.007727	26.7
679	-0.544207	46.704750	685.871678	0.008888	27.0
680	-0.512566	45.737323	695.814106	0.007379	26.2
681	-0.553903	44.769905	706.048926	0.010302	27.8
682	-0.508293	44.465885	709.327779	0.006764	26.5
683	-0.526590	43.670068	718.056624	0.007510	26.7
684	-0.521213	42.702641	728.961472	0.008943	26.6
685	-0.536032	43.702641	717.695140	0.010516	26.1
686	-0.526935	44.077708	713.558787	0.010003	26.2
687	-0.535356	44.200990	712.209593	0.007165	26.8
688	-0.554677	43.233563	722.936245	0.009055	26.4
689	-0.537308	42.266135	733.990948	0.009345	25.6
690	-0.522159	41.298708	745.388984	0.006968	25.0
691	-0.504585	42.298708	733.613246	0.007971	25.2
692	-0.519422	41.331281	744.999464	0.007647	25.0
693	-0.539260	40.598123	753.866651	0.007136	26.0
694	-0.524025	39.656004	765.575828	0.007556	25.4
695	-0.556397	39.639278	765.786992	0.008435	26.6
696	-0.510991	38.710604	777.697224	0.008865	27.6
697	-0.519143	39.707427	764.927333	0.006918	26.5
698	-0.533887	40.707426	752.531318	0.009019	24.8
699	-0.534484	41.707319	740.531909	0.011215	24.9
700	-0.519197	40.739892	752.135603	0.008553	24.5
701	-0.523814	41.739892	740.147447	0.007838	27.3
702	-0.540297	42.739892	728.535451	0.008685	27.3
703	-0.519490	43.734032	717.347108	0.006749	29.0
704	-0.508749	42.766725	728.228876	0.006124	33.4
705	-0.540513	41.799988	739.439160	0.006710	29.6
706	-0.521053	40.832561	751.008365	0.007177	30.3
707	-0.539834	39.865261	762.943751	0.007945	27.4
708	-0.549110	38.897841	775.266182	0.009514	26.9
709	-0.536305	39.896628	762.550770	0.007764	26.8
710	-0.527311	40.896628	750.231023	0.007325	27.7
711	-0.548744	41.570096	742.155970	0.011094	26.2
712	-0.539052	40.602716	753.810447	0.008181	26.8
713	-0.538803	39.635290	765.837362	0.007667	27.4
714	-0.526963	40.635290	753.412056	0.011223	26.8
715	-0.523829	39.757088	764.302107	0.006401	26.4
716	-0.504832	40.757070	751.926385	0.007862	27.4
717	-0.540048	41.753755	739.983935	0.008595	26.4
718	-0.539733	42.630612	729.786645	0.007839	27.4
719	-0.533751	41.710703	740.491952	0.008098	26.6
720	-0.558423	42.706503	728.917271	0.008271	27.4
721	-0.515114	41.739076	740.157069	0.007435	27.8
722	-0.544927	42.739051	728.545058	0.008094	27.2
723	-0.527538	43.736521	717.319526	0.007458	26.4
724	-0.546197	44.736521	706.407486	0.006937	27.2
725	-0.523386	45.736521	695.822465	0.008589	27.4
726	-0.533523	46.736496	685.550231	0.010411	26.6
727	-0.526704	45.769069	695.483275	0.007298	26.3
728	-0.520691	46.605479	686.878802	0.012260	27.1
729	-0.549393	47.605479	676.866791	0.010528	26.3
730	-0.522994	48.605479	667.142459	0.009637	27.6
731	-0.512443	47.638063	676.545473	0.009335	26.5
732	-0.522021	48.638062	666.830308	0.010654	27.0
733	-0.538154	49.638062	657.390209	0.008785	27.4
734	-0.516176	48.724288	666.005661	0.011156	26.5
735	-0.526094	47.968734	673.301766	0.009835	27.7
736	-0.540941	47.001307	682.880560	0.012162	31.1
737	-0.548366	47.851647	674.446769	0.009664	31.1
738	-0.530755	48.851647	664.791352	0.007826	29.5
739	-0.527275	49.851613	655.408800	0.010803	27.9
740	-0.535719	48.891380	664.413419	0.008342	27.7
741	-0.519527	48.152690	671.510687	0.009693	27.9
742	-0.519310	49.152690	661.938557	0.008932	27.3
743	-0.570744	50.021003	653.845605	0.006786	27.3
744	-0.537153	49.053590	662.874963	0.010003	27.9
745	-0.527219	48.086162	672.157333	0.010498	26.8
746	-0.519870	48.877863	664.541944	0.007976	27.1
747	-0.538346	49.877863	655.166070	0.011687	27.2
748	-0.513262	48.910435	664.232320	0.007996	27.1
749	-0.548242	49.910254	654.866794	0.008415	28.1
750	-0.553340	50.910233	645.760254	0.010623	27.2
751	-0.526051	51.910233	636.903332	0.012821	27.0
752	-0.517857	50.942806	645.467882	0.007156	26.3
753	-0.537399	51.942804	636.618940	0.010628	26.9
754	-0.519364	51.409508	641.307642	0.009120	27.2
755	-0.539178	50.442091	649.991766	0.011938	27.0
756	-0.518331	51.441540	641.024071	0.008272	27.7
757	-0.533852	52.441540	632.295713	0.009379	26.2
758	-0.530626	53.441539	623.801859	0.006071	26.5
759	-0.568296	52.518961	631.629854	0.008638	27.8
760	-0.519186	51.551534	640.052226	0.007701	26.1
761	-0.521647	52.306713	633.458640	0.008342	26.5
762	-0.491099	53.243560	625.465298	0.008742	26.5
763	-0.544479	54.243560	617.152756	0.006494	26.4
764	-0.551792	53.276133	625.191010	0.007411	27.5
765	-0.532238	52.340691	633.165166	0.009143	26.5
766	-0.538770	53.340691	624.648092	0.008442	26.7
767	-0.512533	53.154321	626.218002	0.010894	27.1
768	-0.530544	52.186893	634.495719	0.006955	26.4
769	-0.529573	53.186893	625.943053	0.009459	27.4
770	-0.529669	52.219468	634.213443	0.012972	27.0
771	-0.524933	53.219466	625.668344	0.007989	27.1
772	-0.511574	52.252039	633.931440	0.009674	26.8
773	-0.524255	53.147699	626.273924	0.007422	26.7
774	-0.518288	52.218385	634.222820	0.008382	26.7
775	-0.533618	51.250958	642.714950	0.006874	27.2
776	-0.510106	52.250944	633.940916	0.013345	26.7
777	-0.543123	51.283519	642.425432	0.007657	27.0
778	-0.537551	50.767986	647.040182	0.009344	26.6
779	-0.539636	50.441594	649.996286	0.008794	27.9
780	-0.526815	51.363898	641.711850	0.007047	26.1
781	-0.521723	50.603035	648.530762	0.008695	29.8
782	-0.529688	51.603035	639.598205	0.010159	27.4
783	-0.523218	50.635699	648.235050	0.006916	31.3
784	-0.556330	50.745332	647.244491	0.008314	33.7
785	-0.519413	51.672089	638.990450	0.009258	32.9
786	-0.504676	50.704661	647.611603	0.009147	28.4
787	-0.542199	51.635444	639.312824	0.006969	27.3
788	-0.523953	52.633884	630.644051	0.011120	26.6
789	-0.547624	53.633877	622.194268	0.006554	25.4
790	-0.538514	54.633877	613.967871	0.007970	26.1
791	-0.504349	53.666451	621.922834	0.008789	25.1
792	-0.542491	52.699023	630.086649	0.009713	24.2
793	-0.527908	53.699023	621.651644	0.008320	24.7
794	-0.552727	54.698924	613.440300	0.008581	24.6
795	-0.524545	55.698924	605.442270	0.009401	25.8
796	-0.549994	54.731616	613.175486	0.008202	24.6
797	-0.524237	55.731616	605.184315	0.006778	24.8
798	-0.532067	54.768452	612.877384	0.007444	24.5
799	-0.532673	53.801025	620.803938	0.009470	24.9
800	-0.523452	54.800969	612.614476	0.007886	25.8
801	-0.520685	53.834650	620.524995	0.006562	26.5
802	-0.542148	52.867225	628.651889	0.009836	25.8
803	-0.526718	51.899798	636.994504	0.009167	25.5
804	-0.527530	50.932371	645.561522	0.008256	24.5
805	-0.547365	49.964944	654.362112	0.007711	24.9
806	-0.519139	50.964944	645.269323	0.009941	25.7
807	-0.535858	50.000829	654.031385	0.009360	26.7
808	-0.524407	49.033549	663.064650	0.011054	28.3
809	-0.544268	50.033373	653.731740	0.010899	30.2
810	-0.533933	49.082906	662.597679	0.009681	26.9
811	-0.544051	50.076621	653.333964	0.006960	28.5
812	-0.507050	49.128477	662.167103	0.008312	28.6
813	-0.541174	48.317249	669.916525	0.010698	29.8
814	-0.513827	47.349873	679.398048	0.007383	31.4
815	-0.531994	48.349857	669.601535	0.007086	29.4
816	-0.532678	49.349232	660.089236	0.007365	28.1
817	-0.536361	50.349232	650.837710	0.007844	29.0
818	-0.544680	51.349232	641.841931	0.009603	30.2
819	-0.536979	52.349232	633.091438	0.008748	33.5
820	-0.550095	53.349232	624.576334	0.009051	28.6
821	-0.542982	54.349232	616.287248	0.008651	28.1
822	-0.512552	55.349232	608.215297	0.006176	29.5
823	-0.539603	54.391745	615.939725	0.008878	28.4
824	-0.519435	53.424406	623.945464	0.010179	27.5
825	-0.530959	54.424406	615.673002	0.010588	29.1
826	-0.540520	53.456979	623.672507	0.010924	27.8
827	-0.547326	54.456979	615.407234	0.008035	28.6
828	-0.536409	53.489552	623.399785	0.006899	29.9
829	-0.519808	52.524897	631.578858	0.012118	27.7
830	-0.523798	52.116566	635.106010	0.007524	30.5
831	-0.531557	53.116566	626.536995	0.007822	32.4
832	-0.521526	54.116561	618.196177	0.006901	31.4
833	-0.543881	54.198856	617.519644	0.006868	37.1
834	-0.545962	55.195318	609.443889	0.008832	35.3
835	-0.548909	54.227897	617.281251	0.008177	30.1
836	-0.507553	53.260470	625.322872	0.008774	30.4
837	-0.548984	54.213958	617.395651	0.008058	28.2
838	-0.539703	53.246531	625.440275	0.008587	28.5
839	-0.541687	54.246408	617.129399	0.007327	36.8
840	-0.571047	53.280284	625.156074	0.009826	28.1
841	-0.533673	54.280275	616.851767	0.011677	27.9
842	-0.522806	55.251013	608.998734	0.011604	35.4
843	-0.534428	54.283586	616.824637	0.008468	33.7
844	-0.534856	55.279641	608.770174	0.007258	30.9
845	-0.532927	56.242046	601.185147	0.007844	28.3
846	-0.557539	57.129347	594.357596	0.008900	27.3
847	-0.534318	58.129347	586.846381	0.008395	34.0
848	-0.542776	59.129347	579.522642	0.010548	33.4
849	-0.559158	59.134274	579.487005	0.010357	31.5
850	-0.537479	58.166847	586.568399	0.008663	26.5
851	-0.522278	59.166846	579.251559	0.007825	32.1
852	-0.564194	60.166846	572.115005	0.009464	41.9
853	-0.520289	61.166846	565.152160	0.007231	32.3
854	-0.548127	60.910518	566.920727	0.011163	25.5
855	-0.514171	61.910467	560.083330	0.008390	24.9
856	-0.554944	60.943046	566.695684	0.008342	25.5
857	-0.540733	59.975619	573.466079	0.008505	24.6
858	-0.519502	59.208641	578.949728	0.007523	25.6
859	-0.551256	60.208639	571.820576	0.006563	27.0
860	-0.559654	61.208631	564.864907	0.007619	27.3
861	-0.532662	62.208630	558.076378	0.008999	24.6
862	-0.542926	61.241213	564.641119	0.008270	24.9
863	-0.539771	61.716369	561.397596	0.010944	25.2
864	-0.531984	62.716369	554.691648	0.006677	26.0
865	-0.530259	61.748941	561.176612	0.008500	26.1
866	-0.550494	62.748941	554.475911	0.006913	26.3
867	-0.537654	61.794568	560.867356	0.005800	25.0
868	-0.536639	60.857170	567.290205	0.007259	25.4
869	-0.529725	59.891944	574.059276	0.007163	25.1
870	-0.519874	58.924516	581.007840	0.007888	25.0
871	-0.522879	59.924516	573.828213	0.008357	25.2
872	-0.518433	58.957089	580.771151	0.006349	25.4
873	-0.542677	57.989662	587.884157	0.009907	25.4
874	-0.534959	58.989654	580.534709	0.008188	24.7
875	-0.512967	58.056450	587.387501	0.007405	25.1
876	-0.544797	59.056443	580.050388	0.008794	25.2
877	-0.541108	58.145195	586.728868	0.006885	25.5
878	-0.546179	57.177805	593.989185	0.007367	25.1
879	-0.514481	56.210378	601.431724	0.008562	24.9
880	-0.545800	57.210378	593.741802	0.006766	25.2
881	-0.567001	56.242955	601.178071	0.009321	26.1
882	-0.531884	57.241901	593.502585	0.008073	25.7
883	-0.553947	58.174156	586.514250	0.010381	25.9
884	-0.544640	57.207544	593.763318	0.008166	26.8
885	-0.531579	56.240116	601.200165	0.010409	26.3
886	-0.544950	55.273641	608.818066	0.010111	26.3
887	-0.521313	56.236721	601.226589	0.007153	25.9
888	-0.543973	57.236721	593.541878	0.009151	26.5
889	-0.544953	58.235060	586.063426	0.008999	28.8
890	-0.534158	59.235060	578.759095	0.009622	29.3
891	-0.521264	58.946277	580.849693	0.009502	30.4
892	-0.518126	59.946277	573.673950	0.008371	31.9
893	-0.549371	60.946259	566.673469	0.006722	26.5
894	-0.532142	61.946259	559.841654	0.009052	26.6
895	-0.521470	60.978835	566.448284	0.008429	25.8
896	-0.567247	61.978757	559.622391	0.009228	25.6
897	-0.526059	62.978757	552.958535	0.006991	25.7
898	-0.520505	63.670036	548.443969	0.006708	25.9
899	-0.524538	64.665481	542.070975	0.007506	26.7
900	-0.528739	63.726179	548.080548	0.006239	26.8
901	-0.516934	63.246175	551.203313	0.005765	26.7
902	-0.544529	64.244657	544.746991	0.007710	32.7
903	-0.521866	63.277376	550.999245	0.010015	28.1
904	-0.539761	62.309949	557.397662	0.008016	28.3
905	-0.521320	63.307197	550.804345	0.009757	28.7
906	-0.526206	64.307197	544.347629	0.007588	28.5
907	-0.550655	63.339802	550.591410	0.007633	25.1
908	-0.525882	64.339768	544.139874	0.007715	25.0
909	-0.555808	65.339768	537.837565	0.009774	26.3
910	-0.531553	64.372341	543.932265	0.008364	26.2
911	-0.522290	65.372191	537.635666	0.011026	25.9
912	-0.555047	66.372191	531.482271	0.007576	26.2
913	-0.522667	67.372191	525.468137	0.007225	26.5
914	-0.524390	66.404764	531.284207	0.006063	26.1
915	-0.563791	67.400503	525.299845	0.008114	26.3
916	-0.538016	68.400503	519.424040	0.015412	26.5
917	-0.527163	67.470986	524.881351	0.010740	26.3
918	-0.541708	66.524209	530.559155	0.010903	26.3
919	-0.518344	65.556782	536.489106	0.008925	25.2
920	-0.532141	66.556782	530.361778	0.008986	25.1
921	-0.538152	67.556782	524.372834	0.007310	25.2
922	-0.531662	66.589354	530.164550	0.008235	25.1
923	-0.538719	67.589354	524.180032	0.005912	25.2
924	-0.549680	66.636488	529.879410	0.008318	25.3
925	-0.543539	65.834874	534.770978	0.012545	25.1
926	-0.533442	64.934054	540.376818	0.012970	25.2
927	-0.517339	65.934054	534.160878	0.009956	25.4
928	-0.534639	64.966627	540.172070	0.007360	25.1
929	-0.529275	65.966626	533.960816	0.007955	25.9
930	-0.554658	65.174307	538.870255	0.012095	28.9
931	-0.529484	64.208429	544.978600	0.008960	26.4
932	-0.550147	65.208429	538.656961	0.009012	25.4
933	-0.525283	66.208429	532.480300	0.007526	25.0
934	-0.540283	65.241002	538.453514	0.007295	27.4
935	-0.540863	64.681291	541.970952	0.008718	25.8
936	-0.518201	64.390635	543.815733	0.007317	25.9
937	-0.522360	63.423207	550.047458	0.008236	24.8
938	-0.527380	62.456441	556.419256	0.009517	25.0
939	-0.550493	63.383264	550.307827	0.006572	25.5
940	-0.529943	63.591482	548.953272	0.007597	27.5
941	-0.559438	62.624054	555.303986	0.006143	25.1
942	-0.509361	63.624053	548.741983	0.007116	25.9
943	-0.542287	64.623697	542.335500	0.008333	25.1
944	-0.553100	63.659322	548.513376	0.008544	25.5
945	-0.536273	62.691895	554.853857	0.006642	24.8
946	-0.526552	63.691821	548.302897	0.008977	25.0
947	-0.545587	64.691820	541.904360	0.011008	25.1
948	-0.549297	63.724392	548.092107	0.009362	25.3
949	-0.521079	64.724392	541.698453	0.007756	25.5
950	-0.548964	65.724332	535.452619	0.006712	27.4
951	-0.546927	66.711880	529.423959	0.007834	27.9
952	-0.512050	65.744453	535.328419	0.006041	26.8
953	-0.561425	64.777066	541.365809	0.010155	26.6
954	-0.536250	63.821442	547.465002	0.008331	28.3
955	-0.542691	62.854014	553.781129	0.010220	26.9
956	-0.559516	61.886601	560.244599	0.006747	25.5
957	-0.555929	61.057927	565.902312	0.007937	25.0
958	-0.538437	62.057916	559.089041	0.008775	25.2
959	-0.544638	63.057916	552.437805	0.008078	24.8
960	-0.526660	63.206917	551.460288	0.008465	25.2
961	-0.534466	63.372501	550.378028	0.007376	25.2
962	-0.540212	64.372501	543.931244	0.007432	29.0
963	-0.520965	65.372497	537.633763	0.011357	28.0
964	-0.526089	66.365787	531.521229	0.009825	28.1
965	-0.520166	65.398360	537.472825	0.008698	27.9
966	-0.523492	66.397188	531.330261	0.013002	28.8
967	-0.533167	67.388149	525.373268	0.007665	28.2
968	-0.530095	66.420829	531.186571	0.008366	26.4
969	-0.505567	65.713741	535.518016	0.008033	27.3
970	-0.519129	66.713741	529.412724	0.009934	28.2
971	-0.530591	66.143281	532.878381	0.007833	26.2
972	-0.514313	65.175854	538.860581	0.007775	25.2
973	-0.548119	65.199245	538.714357	0.008311	25.4
974	-0.532955	66.172019	532.702706	0.010580	25.3
975	-0.543641	65.204592	538.680939	0.007641	25.1
976	-0.512515	66.204592	532.503731	0.010959	25.0
977	-0.531695	65.237167	538.477460	0.007970	25.1
978	-0.540591	64.272422	544.569621	0.010439	24.9
979	-0.527787	65.272421	538.257420	0.007512	25.0
980	-0.499082	66.272421	532.089866	0.009730	25.0
981	-0.518029	65.455703	537.116336	0.006651	25.1
982	-0.532173	64.488276	543.194608	0.008726	25.5
983	-0.541173	65.467565	537.042652	0.007293	24.6
984	-0.525143	64.596789	542.505989	0.008382	25.1
985	-0.547387	63.640155	548.637592	0.008970	25.1
986	-0.524190	63.876789	547.108003	0.006993	25.1
987	-0.526347	62.909362	553.415848	0.010688	24.6
988	-0.522732	63.909361	546.898126	0.006337	25.2
989	-0.535361	64.909361	540.532137	0.005425	25.4
990	-0.567327	63.943843	546.676124	0.009499	25.5
991	-0.542453	64.858597	540.851732	0.009600	26.7
992	-0.540355	65.327300	537.915245	0.008118	29.5
993	-0.547879	65.294022	538.122680	0.007141	32.5
994	-0.541220	66.293420	531.961867	0.008749	30.4
995	-0.521327	66.154592	532.809227	0.009162	28.9
996	-0.530838	67.137354	526.868216	0.009095	29.5
997	-0.545259	66.191268	532.585104	0.007141	32.1
998	-0.538554	67.055263	527.359402	0.006288	29.2
999	-0.532092	66.087835	533.217647	0.007747	28.5
1000	-0.516303	65.236183	538.483604	0.009109	28.5
1001	-0.519921	66.236159	532.311038	0.014025	27.9
1002	-0.540883	65.268732	538.280435	0.009313	27.4
1003	-0.547215	64.301305	544.385233	0.007356	26.5
1004	-0.533469	63.333878	550.630091	0.008670	26.4
1005	-0.545773	62.366893	557.016925	0.008014	26.3
1006	-0.524602	61.399466	563.556694	0.010142	27.0
1007	-0.528604	62.176303	558.293272	0.008443	27.0
1008	-0.530191	61.211185	564.847358	0.010051	25.0
1009	-0.548212	62.209058	558.073504	0.009840	25.7
1010	-0.524211	61.443874	563.253140	0.008773	25.1
1011	-0.508694	60.501942	569.762748	0.007948	24.8
1012	-0.525044	59.534515	576.607069	0.008265	25.8
1013	-0.534973	60.534512	569.535153	0.006528	25.9
1014	-0.556522	59.567094	576.373906	0.007002	26.5
1015	-0.533141	58.612140	583.287558	0.008143	28.1
1016	-0.535093	59.607396	576.085728	0.011415	26.9
1017	-0.528888	60.560889	569.350962	0.008740	26.7
1018	-0.542907	59.596192	576.165817	0.008645	28.9
1019	-0.520659	60.596192	569.104632	0.010697	32.8
1020	-0.539766	61.596052	562.215377	0.007884	31.3
1021	-0.559834	62.596052	555.489995	0.008564	31.6
1022	-0.518231	61.628625	561.993749	0.008408	26.9
1023	-0.552371	60.661201	568.651579	0.011705	27.7
1024	-0.527465	59.693773	575.469070	0.007884	27.3
1025	-0.535742	59.340477	577.999690	0.006755	28.0
1026	-0.539907	58.389814	584.921014	0.008917	26.4
1027	-0.555550	59.389814	577.644955	0.008027	28.2
1028	-0.543339	60.389813	570.547700	0.007325	27.0
1029	-0.531646	61.370651	563.753838	0.009051	26.9
1030	-0.555767	62.149730	558.471696	0.008918	24.6
1031	-0.560356	61.182337	565.045632	0.007918	25.0
1032	-0.524537	61.555307	562.492856	0.006753	24.8
1033	-0.529058	60.706313	568.337609	0.007981	24.8
1034	-0.514970	59.738886	575.147529	0.009563	25.2
1035	-0.532472	58.771458	582.122623	0.008356	25.0
1036	-0.518331	59.771458	574.915591	0.010828	25.0
1037	-0.533532	60.771458	567.884830	0.010220	27.9
1038	-0.549720	59.804034	574.683819	0.006745	28.1
1039	-0.554241	58.836606	581.647603	0.007931	29.8
1040	-0.524629	58.396635	584.870766	0.008066	29.4
1041	-0.562905	58.534244	583.858831	0.007370	29.6
1042	-0.539499	59.534244	576.609010	0.011832	29.2
1043	-0.525765	60.534244	569.537024	0.006380	26.0
1044	-0.545874	59.567146	576.373532	0.006906	29.0
1045	-0.528952	58.599721	583.378560	0.009381	31.4
1046	-0.540617	59.599721	576.140588	0.009810	28.0
1047	-0.511481	58.632303	583.139865	0.010754	29.1
1048	-0.543309	57.672278	590.255826	0.006888	28.7
1049	-0.532983	56.711146	597.556114	0.008051	28.5
1050	-0.515231	57.710976	589.965633	0.008441	29.5
1051	-0.547940	58.710976	582.564323	0.007664	29.5
1052	-0.542439	57.743950	589.718585	0.009923	30.7
1053	-0.519882	56.776522	597.053830	0.010155	28.5
1054	-0.537930	55.811057	604.558411	0.009446	28.8
1055	-0.530281	54.850226	612.216638	0.008269	29.5
1056	-0.535633	53.883581	620.119525	0.007765	28.6
1057	-0.534165	52.916158	628.235721	0.010128	28.8
1058	-0.536737	53.345143	624.610682	0.007817	28.4
1059	-0.518404	54.344972	616.322093	0.006335	28.1
1060	-0.522963	55.344972	608.249235	0.010106	28.4
1061	-0.527620	54.377544	616.055764	0.008704	28.6
1062	-0.511764	53.410130	624.065169	0.012288	28.1
1063	-0.542388	54.409890	615.791519	0.009024	26.4
1064	-0.524293	55.409888	607.732482	0.007933	29.7
1065	-0.536555	54.442460	615.525667	0.010260	30.4
1066	-0.531547	54.156509	617.867581	0.007903	35.2
1067	-0.514037	54.702043	613.415023	0.010422	31.0
1068	-0.522689	53.734616	621.355575	0.006572	32.9
1069	-0.521495	53.252337	625.391371	0.006909	30.3
1070	-0.518961	54.246570	617.128073	0.007520	26.8
1071	-0.538960	53.279150	625.165618	0.007392	28.7
1072	-0.542511	54.258218	617.032552	0.008857	28.6
1073	-0.528333	53.469411	623.568392	0.007383	27.3
1074	-0.536176	54.469407	615.305886	0.007495	27.7
1075	-0.530562	53.561367	622.799348	0.008225	26.6
1076	-0.535837	54.561361	614.557100	0.007852	27.7
1077	-0.569774	53.593934	622.527438	0.009269	26.3
1078	-0.531622	54.106594	618.278209	0.008482	25.3
1079	-0.533576	53.140243	626.336910	0.011234	26.4
1080	-0.536408	54.140243	618.001338	0.009105	25.3
1081	-0.501273	54.982071	611.154318	0.007005	25.9
1082	-0.539718	54.014643	619.036078	0.007349	24.8
1083	-0.535539	55.014641	610.892453	0.007755	24.7
1084	-0.526636	54.074256	618.544537	0.010541	24.6
1085	-0.521666	53.107375	626.614700	0.010959	24.8
1086	-0.526974	54.107375	618.271781	0.009778	25.1
1087	-0.532952	53.782340	620.959051	0.005608	24.9
1088	-0.537802	52.814935	629.097220	0.009779	24.9
1089	-0.541411	51.852614	637.407060	0.007084	26.9
1090	-0.512158	52.851252	628.787862	0.008822	26.6
1091	-0.528571	51.883865	637.133753	0.006020	28.5
1092	-0.523051	52.883865	628.510304	0.010246	31.9
1093	-0.550630	53.852937	620.373391	0.007788	27.2
1094	-0.509965	52.887716	628.477546	0.009172	28.4
1095	-0.540640	53.887716	620.085281	0.007490	29.6
1096	-0.529375	54.887716	611.914192	0.006923	28.3
1097	-0.548258	54.528337	614.825807	0.006643	28.3
1098	-0.516933	55.510428	606.933878	0.008579	29.1
1099	-0.520120	56.510428	599.103527	0.008411	28.0
1100	-0.531302	57.267918	593.305303	0.010794	28.9
1101	-0.549089	56.300490	600.730609	0.008853	27.9
1102	-0.551472	55.335782	608.322459	0.009185	26.3
1103	-0.526988	56.335782	600.456470	0.010393	27.0
1104	-0.526013	57.335779	592.791327	0.009115	27.6
1105	-0.531752	56.505968	599.138000	0.007062	29.4
1106	-0.522620	57.505345	591.510941	0.008733	28.3
1107	-0.513367	56.537955	598.890835	0.007973	31.7
1108	-0.548523	55.587207	606.325419	0.007359	27.9
1109	-0.536770	56.587207	598.510659	0.007218	28.6
1110	-0.533346	57.551416	591.164017	0.008521	27.1
1111	-0.542604	58.551416	583.732798	0.009437	24.5
1112	-0.522637	57.584152	590.917752	0.007823	24.7
1113	-0.533839	58.584152	583.492684	0.007551	25.5
1114	-0.531452	59.581094	576.273767	0.009386	24.7
1115	-0.547343	58.613667	583.276372	0.009787	25.2
1116	-0.528651	57.646239	590.451254	0.007149	24.6
1117	-0.546416	56.678812	597.804851	0.009120	24.9
1118	-0.539019	55.711385	605.343925	0.010378	24.7
1119	-0.528900	54.744080	613.074587	0.009618	25.0
1120	-0.534858	53.776655	621.006256	0.009171	24.7
1121	-0.545190	52.820240	629.052014	0.007362	28.0
1122	-0.532181	52.898810	628.383201	0.007336	29.8
1123	-0.548552	53.898804	619.993487	0.006703	29.6
1124	-0.535465	52.931377	628.106395	0.010147	28.0
1125	-0.525700	53.931377	619.723973	0.008178	27.0
1126	-0.531314	52.963950	627.829786	0.010250	28.9
1127	-0.558673	53.963950	619.454696	0.008887	27.7
1128	-0.533979	54.907911	611.751395	0.010912	27.3
1129	-0.502296	55.620491	606.062032	0.007767	28.5
1130	-0.551447	56.620491	598.254017	0.007461	28.5
1131	-0.532729	57.315492	592.944890	0.006823	27.5
1132	-0.516865	58.315492	585.469114	0.007981	28.0
1133	-0.534541	57.348064	592.698378	0.008947	27.3
1134	-0.549652	56.380637	600.108405	0.008790	27.7
1135	-0.548481	57.380365	592.454124	0.010687	25.0
1136	-0.515103	58.380365	584.990639	0.009990	24.9
1137	-0.529570	59.380365	577.712859	0.007794	24.6
1138	-0.536599	60.380351	570.614034	0.008457	25.2
1139	-0.542057	60.205908	571.839803	0.008613	25.3
1140	-0.554319	61.122940	565.454310	0.007286	27.6
1141	-0.509368	62.122934	558.651725	0.006695	27.7
1142	-0.557223	62.011813	559.399547	0.009213	30.8
1143	-0.530139	61.044390	565.995686	0.009615	28.9
1144	-0.524249	60.975664	566.470195	0.009160	29.1
1145	-0.537632	60.008237	573.235171	0.010710	29.7
1146	-0.530280	61.008190	566.245528	0.010257	30.4
1147	-0.521291	61.451329	563.202210	0.009585	29.5
1148	-0.531066	61.183075	565.040562	0.006596	26.6
1149	-0.536627	62.183055	558.247956	0.008843	27.2
1150	-0.553069	61.215782	564.815772	0.011244	27.6
1151	-0.541141	62.215782	558.028409	0.011393	25.6
1152	-0.544051	63.215782	551.402235	0.009926	25.0
1153	-0.532419	64.004666	546.284962	0.007910	24.9
1154	-0.522735	63.037238	552.573734	0.010436	24.8
1155	-0.516766	64.037238	546.075713	0.009589	24.9
1156	-0.549971	65.037029	539.730060	0.007829	24.7
1157	-0.506247	64.069601	545.867971	0.006371	25.0
1158	-0.526847	65.065327	539.552594	0.010033	24.7
1159	-0.545223	66.065327	533.355493	0.007270	25.0
1160	-0.539084	67.065287	527.299375	0.009238	24.9
1161	-0.526786	68.065287	521.379006	0.008073	25.1
1162	-0.542843	67.097862	527.104400	0.009187	24.7
1163	-0.552019	68.097855	521.188426	0.009119	25.3
1164	-0.536407	67.501303	524.701546	0.009440	28.2
1165	-0.529367	68.501296	518.839086	0.008068	29.8
1166	-0.542363	69.501296	513.106140	0.006135	30.6
1167	-0.560202	70.501279	507.498597	0.009118	28.7
1168	-0.522752	71.487572	502.086599	0.008644	27.0
1169	-0.536926	72.456329	496.882034	0.009976	28.5
1170	-0.542874	71.488901	502.079385	0.006832	28.3
1171	-0.561989	72.389392	497.238174	0.008758	27.8
1172	-0.541895	73.316684	492.349483	0.010990	29.0
1173	-0.524770	74.307623	487.230395	0.007825	26.0
1174	-0.518847	75.307623	482.171290	0.006882	27.2
1175	-0.516861	76.307623	477.216166	0.010689	27.3
1176	-0.524318	77.305691	472.371132	0.008342	27.8
1177	-0.525198	76.338264	477.065943	0.007061	26.0
1178	-0.532620	77.338243	472.214770	0.009007	24.9
1179	-0.542779	76.370815	476.906458	0.008527	27.0
1180	-0.531616	77.175105	472.999448	0.009046	25.7
1181	-0.542074	78.175092	468.230174	0.010366	27.0
1182	-0.523208	79.148074	463.681116	0.009632	25.6
1183	-0.521302	80.144287	459.114121	0.008058	24.8
1184	-0.541141	81.144287	454.619361	0.007784	24.5
1185	-0.526325	82.087983	450.457652	0.010793	25.1
1186	-0.536099	81.128696	454.688765	0.008004	24.4
1187	-0.546885	80.161269	459.037052	0.012457	24.8
1188	-0.537588	79.193842	463.469307	0.010128	24.9
1189	-0.524293	78.351549	467.398556	0.009530	24.9
1190	-0.530198	78.814220	465.232012	0.006187	24.7
1191	-0.538740	77.920068	469.437310	0.009753	25.4
1192	-0.527177	77.004840	473.821198	0.007248	24.8
1193	-0.535209	76.037442	478.544875	0.005911	24.9
1194	-0.548700	75.079869	483.314257	0.007637	24.6
1195	-0.514512	74.112442	488.230243	0.013663	24.9
1196	-0.544674	75.112442	483.150461	0.008330	24.5
1197	-0.550787	74.180771	487.879747	0.006554	27.4
1198	-0.541958	73.236430	492.768777	0.008257	25.1
1199	-0.531607	72.269003	497.879992	0.008071	24.9
1200	-0.522850	71.301576	503.098351	0.007792	24.5
1201	-0.535674	70.388433	508.125251	0.006301	25.1
1202	-0.533895	71.019430	504.640927	0.005150	24.5
1203	-0.544379	70.052314	510.000995	0.007431	24.8
1204	-0.525501	69.105513	515.359927	0.008952	24.5
1205	-0.511733	69.882086	510.956256	0.011957	25.0
1206	-0.540186	69.007644	515.920299	0.007765	24.6
1207	-0.547357	70.007644	510.251324	0.008056	24.8
1208	-0.524940	71.007479	504.706480	0.008263	24.7
1209	-0.561009	71.931664	499.687281	0.006903	24.8
1210	-0.532739	70.964237	504.943793	0.007314	24.7
1211	-0.542100	71.964237	499.512202	0.008213	25.0
1212	-0.511803	71.029435	504.586069	0.008586	24.7
1213	-0.522507	70.207380	509.133914	0.009758	25.2
1214	-0.525819	71.207380	503.612297	0.009443	24.5
1215	-0.545102	71.526564	501.875016	0.006949	24.9
1216	-0.547172	72.526066	496.511538	0.007246	24.5
1217	-0.522433	73.526066	491.258896	0.009175	25.6
1218	-0.525687	72.558815	496.337736	0.009052	24.6
1219	-0.521501	73.558815	491.088751	0.007810	24.6
1220	-0.550775	73.589577	490.929045	0.009152	24.5
1221	-0.534459	74.589577	485.793244	0.007894	25.5
1222	-0.531668	75.528371	481.068625	0.007295	24.7
1223	-0.520012	75.759587	479.919068	0.008381	25.5
1224	-0.537962	74.792159	484.765882	0.013038	26.5
1225	-0.546214	75.788328	479.776556	0.009803	25.3
1226	-0.525393	74.820901	484.620474	0.010382	27.0
1227	-0.520941	75.761029	479.911916	0.008858	24.6
1228	-0.549192	74.795207	484.750457	0.009167	24.8
1229	-0.540650	74.828675	484.581161	0.008685	24.7
1230	-0.545031	75.828675	479.576640	0.011369	24.9
1231	-0.527999	76.828675	474.674431	0.007017	24.4
1232	-0.536181	75.861248	479.415367	0.009210	24.9
1233	-0.532588	76.861248	474.516438	0.011543	25.6
1234	-0.536907	77.861248	469.716616	0.011388	27.2
1235	-0.532512	76.893820	474.358550	0.011792	24.5
1236	-0.539065	77.892820	469.566656	0.008519	24.8
1237	-0.520206	76.925392	474.205613	0.011115	25.2
1238	-0.537563	77.925162	469.413135	0.010241	24.9
1239	-0.544994	78.925162	464.715490	0.006716	24.8
1240	-0.530103	77.968841	469.205964	0.009602	25.0
1241	-0.547807	78.968841	464.512443	0.007965	24.6
1242	-0.528978	78.513708	466.636926	0.008182	25.7
1243	-0.538256	77.546283	471.217880	0.006900	24.7
1244	-0.517146	76.585954	475.855067	0.007836	25.2
1245	-0.522080	77.585952	471.028270	0.006489	24.8
1246	-0.542901	76.618525	475.696294	0.007650	24.8
1247	-0.549905	75.651300	480.456763	0.010406	24.9
1248	-0.536206	74.683872	485.314499	0.006875	25.1
1249	-0.551558	73.716445	490.271467	0.008644	24.5
1250	-0.536010	74.599545	485.742590	0.007638	25.0
1251	-0.530088	75.597474	480.724483	0.008323	24.5
1252	-0.531955	74.650559	485.483525	0.009593	25.5
1253	-0.531785	73.683132	490.443965	0.007868	24.8
1254	-0.520643	74.683132	485.318256	0.008538	25.1
1255	-0.539953	75.683132	480.298577	0.008338	24.8
1256	-0.528107	76.649551	475.545155	0.006893	25.2
1257	-0.529158	75.682123	480.303588	0.008280	24.9
1258	-0.516201	74.716917	485.146953	0.007604	24.9
1259	-0.540419	75.716878	480.130995	0.009605	24.9
1260	-0.539357	76.716387	475.219891	0.007191	25.2
1261	-0.550179	77.716387	470.405899	0.008111	25.0
1262	-0.519845	78.716363	465.688573	0.007147	25.2
1263	-0.532809	79.716363	461.064810	0.007418	25.0
1264	-0.520876	78.749368	465.534483	0.007177	25.1
1265	-0.523155	77.781941	470.093725	0.009209	24.8
1266	-0.534792	78.781940	465.382519	0.005866	25.5
1267	-0.556848	77.814514	469.938763	0.007247	24.8
1268	-0.501460	76.847087	474.585111	0.010022	25.3
1269	-0.539534	77.847087	469.783907	0.011443	25.1
1270	-0.548797	76.883347	474.409307	0.007420	25.1
1271	-0.529785	75.929594	479.077324	0.008517	24.6
1272	-0.539534	76.285298	477.325677	0.010391	26.0
1273	-0.544740	77.285205	472.469593	0.007026	25.1
1274	-0.522269	76.317779	477.166364	0.007577	25.1
1275	-0.534584	75.485436	481.282696	0.008069	25.1
1276	-0.545028	74.518008	486.157233	0.008734	25.4
1277	-0.533955	75.333023	482.044153	0.006231	24.9
1278	-0.521461	76.208313	477.703698	0.007691	25.6
1279	-0.546056	75.379521	481.811593	0.007049	24.7
1280	-0.527327	74.412822	486.693187	0.009908	25.2
1281	-0.549656	73.445414	491.678408	0.008387	24.5
1282	-0.543159	72.477987	496.766908	0.011028	25.7
1283	-0.540959	71.519206	501.914927	0.009335	24.9
1284	-0.504323	70.551779	507.218660	0.010988	25.0
1285	-0.531890	71.551778	501.738286	0.008223	25.3
1286	-0.525848	72.551778	496.375071	0.010925	25.3
1287	-0.542240	73.551726	491.125572	0.011551	24.8
1288	-0.546368	72.584299	496.202581	0.007852	25.1
1289	-0.542408	73.470956	491.545474	0.008677	24.8
1290	-0.532029	74.470956	486.396835	0.009730	25.1
1291	-0.535879	73.503550	491.375940	0.009460	24.6
1292	-0.557600	74.502914	486.234072	0.006292	25.0
1293	-0.539265	75.502431	481.197936	0.007494	24.8
1294	-0.546963	76.477855	476.382771	0.008662	25.2
1295	-0.560145	77.469839	471.583698	0.008476	24.7
1296	-0.560025	76.502411	476.262792	0.008179	26.0
1297	-0.535154	77.348713	472.164497	0.009277	24.8
1298	-0.550873	78.110651	468.534613	0.009466	24.9
1299	-0.513899	78.952594	464.587950	0.008265	24.9
1300	-0.494876	79.800670	460.679186	0.006064	25.4
1301	-0.519792	80.789519	456.203850	0.008492	25.4
1302	-0.528212	81.789519	451.765617	0.010542	25.0
1303	-0.517422	82.378511	449.191717	0.008083	24.8
1304	-0.528056	81.411090	453.434980	0.008627	24.9
1305	-0.551371	80.443663	457.759207	0.007004	24.9
1306	-0.563215	79.476255	462.166615	0.007429	24.7
1307	-0.538139	78.512257	466.643728	0.008967	24.8
1308	-0.535468	79.512257	462.001073	0.009861	25.0
1309	-0.542659	80.512257	457.449889	0.010436	25.2
1310	-0.532490	79.544840	461.851355	0.007471	24.9
1311	-0.530443	78.740861	465.574191	0.006993	25.1
1312	-0.533723	77.773433	470.134215	0.006457	24.8
1313	-0.526878	78.772580	465.426178	0.006578	25.1
1314	-0.553299	77.805153	469.983289	0.007434	24.8
1315	-0.530081	76.837725	474.630522	0.009456	25.3
1316	-0.547087	77.837713	469.828459	0.008715	24.6
1317	-0.537998	76.870286	474.472616	0.007504	25.2
1318	-0.534473	75.909816	479.175101	0.009074	24.7
1319	-0.551475	76.114165	478.166810	0.006659	25.1
1320	-0.552967	75.386302	481.777700	0.008098	24.9
1321	-0.545346	74.419551	486.658870	0.006436	25.0
1322	-0.503417	73.452126	491.643468	0.009286	24.7
1323	-0.527768	74.452126	486.492786	0.009592	26.1
1324	-0.529546	73.484698	491.473979	0.007687	26.1
1325	-0.524070	73.952724	489.051482	0.007650	25.1
1326	-0.540795	72.985297	494.085480	0.010327	24.7
1327	-0.535536	72.017871	499.224183	0.007941	25.1
1328	-0.524452	73.017868	493.914313	0.008065	24.9
1329	-0.534421	74.017828	488.716398	0.009018	25.8
1330	-0.543820	73.050763	493.741560	0.006677	25.1
1331	-0.526431	72.177997	498.366267	0.006138	25.1
1332	-0.554975	71.210571	503.594869	0.008410	25.0
1333	-0.541295	70.244621	508.926116	0.005986	25.4
1334	-0.530641	69.277194	514.379864	0.008721	24.7
1335	-0.535719	70.277005	508.745553	0.010346	25.1
1336	-0.564931	71.276976	503.232472	0.008501	25.0
1337	-0.547233	70.309548	508.564235	0.007834	25.3
1338	-0.536361	70.787980	505.913416	0.010293	24.8
1339	-0.556446	69.918391	510.752224	0.008458	25.5
1340	-0.562889	70.828465	505.690373	0.010177	24.7
1341	-0.516398	69.861037	511.074625	0.008216	25.4
1342	-0.519824	70.859546	505.519268	0.010313	24.7
1343	-0.533219	69.892706	510.896561	0.008717	25.4
1344	-0.517634	70.892209	505.339586	0.010026	25.3
1345	-0.539920	71.892207	499.899528	0.011571	25.2
1346	-0.553146	72.892207	494.575342	0.009115	24.9
1347	-0.536458	73.496888	491.410581	0.011951	25.3
1348	-0.538989	74.495201	486.273345	0.006513	26.1
1349	-0.536099	75.495201	481.233993	0.008623	26.2
1350	-0.507886	74.574661	485.869059	0.008289	25.1
1351	-0.558084	73.608289	490.831947	0.008474	25.0
1352	-0.532603	74.571199	485.886659	0.007360	25.1
1353	-0.539947	73.603772	490.855383	0.008423	25.2
1354	-0.535030	72.639132	495.912015	0.009703	25.1
1355	-0.522053	71.671705	501.088987	0.006925	25.0
1356	-0.539854	72.671695	495.739620	0.008032	24.8
1357	-0.549432	71.704269	500.912971	0.008229	25.2
1358	-0.548986	71.146889	503.942904	0.006793	25.0
1359	-0.536824	72.146888	498.532711	0.007121	25.4
1360	-0.555650	73.146888	493.237448	0.007436	24.6
1361	-0.528600	74.088740	488.351942	0.008472	25.2
1362	-0.517461	73.121347	493.371291	0.009509	25.1
1363	-0.533890	72.153920	498.495078	0.005979	25.1
1364	-0.527868	73.153920	493.200609	0.007138	24.7
1365	-0.530839	72.958708	494.225300	0.009780	25.9
1366	-0.528860	72.027263	499.173781	0.007977	24.6
1367	-0.504574	73.027263	493.864961	0.008337	25.4
1368	-0.537538	74.027263	488.667874	0.006944	24.9
1369	-0.530312	73.059836	493.693937	0.007652	25.4
1370	-0.537337	74.043844	488.582624	0.010450	24.6
1371	-0.538666	73.787431	489.904304	0.007673	25.3
1372	-0.544558	72.820012	494.955923	0.007634	25.0
1373	-0.531101	71.852591	500.112813	0.007920	25.3
1374	-0.531439	70.885164	505.378329	0.007483	24.8
1375	-0.505604	71.880200	499.964153	0.008455	25.1
1376	-0.533046	72.063915	498.977190	0.007567	24.7
1377	-0.533969	71.096487	504.218694	0.008766	25.2
1378	-0.534517	70.150002	509.454412	0.007284	24.6
1379	-0.532866	71.150002	503.925878	0.009482	25.3
1380	-0.541435	70.182575	509.272422	0.006873	24.6
1381	-0.527516	69.215196	514.733354	0.008913	25.1
1382	-0.532464	70.215194	509.090304	0.011818	30.6
1383	-0.526589	71.215194	503.569627	0.010702	28.3
1384	-0.546275	70.247766	508.908574	0.007913	25.2
1385	-0.521882	70.675046	506.536649	0.010623	24.8
1386	-0.522520	69.707619	511.939033	0.008139	24.9
1387	-0.525425	68.740191	517.457896	0.009006	24.7
1388	-0.543825	69.740191	511.755264	0.008448	24.8
1389	-0.548948	68.772764	517.270145	0.011845	25.0
1390	-0.540778	69.772676	511.572123	0.006522	24.9
1391	-0.529723	70.772676	505.997783	0.010223	25.0
1392	-0.522698	71.280808	503.211574	0.009318	24.9
1393	-0.533883	70.313805	508.540527	0.009768	24.8
1394	-0.525141	69.346390	513.985899	0.010358	25.2
1395	-0.552000	70.346390	508.359121	0.005987	25.0
1396	-0.547867	69.378963	513.800656	0.010296	25.0
1397	-0.537057	70.378959	508.177935	0.009308	24.8
1398	-0.543527	69.411549	513.615475	0.007724	25.0
1399	-0.543892	70.219850	509.064317	0.008923	24.9
1400	-0.545687	71.219850	503.544201	0.008161	24.6
1401	-0.559546	72.219850	498.142517	0.009810	24.7
1402	-0.561002	73.190593	493.008581	0.007953	25.1
1403	-0.534363	72.223172	498.124766	0.010109	25.0
1404	-0.524592	71.558162	501.703680	0.006929	24.9
1405	-0.538708	70.590735	507.002926	0.009756	24.7
1406	-0.533815	71.574509	501.615088	0.008485	25.1
1407	-0.545374	70.607082	506.912452	0.007049	27.6
1408	-0.548890	71.607082	501.438655	0.010527	34.3
1409	-0.544177	70.639865	506.731109	0.009643	25.3
1410	-0.534336	69.672465	512.137509	0.008514	25.2
1411	-0.523927	68.705038	517.660675	0.008129	25.4
1412	-0.514345	67.896876	522.366735	0.008407	25.2
1413	-0.550593	66.929448	528.113978	0.008942	25.0
1414	-0.541530	67.928958	522.178282	0.010069	25.1
1415	-0.511422	68.928958	516.371717	0.007417	24.6
1416	-0.548909	67.961531	521.987090	0.007970	25.0
1417	-0.546053	68.961454	516.185195	0.006771	24.9
1418	-0.535218	68.043936	521.504021	0.007646	25.1
1419	-0.535671	67.327470	525.734185	0.006757	24.8
1420	-0.534328	66.771971	529.061498	0.007530	25.1
1421	-0.541780	66.284325	532.017294	0.006351	24.7
1422	-0.541691	67.268520	526.085296	0.006780	25.0
1423	-0.530011	66.547047	530.420751	0.007688	25.3
1424	-0.541419	67.545456	524.439903	0.006777	25.0
1425	-0.535237	67.843306	522.681707	0.007574	24.6
1426	-0.541649	68.841644	516.873561	0.007208	26.0
1427	-0.543998	67.874218	522.499906	0.007831	25.3
1428	-0.535496	68.873221	516.691962	0.007693	24.8
1429	-0.533083	69.873221	511.006107	0.008080	25.0
1430	-0.549570	70.872821	505.446227	0.006858	24.7
1431	-0.534756	71.872584	500.005154	0.007525	24.9
1432	-0.539271	70.905157	505.268392	0.007881	25.0
1433	-0.545882	69.987853	510.362309	0.008109	24.8
1434	-0.547790	70.987359	504.816870	0.012136	24.6
1435	-0.532926	71.987355	499.388014	0.007280	25.1
1436	-0.545273	72.987355	494.074661	0.009034	24.9
1437	-0.550762	72.020044	499.212521	0.009079	25.1
1438	-0.559695	71.067335	504.378353	0.007852	24.8
1439	-0.557417	72.067316	498.958956	0.007340	25.3
1440	-0.521762	72.879141	494.644181	0.007016	24.6
1441	-0.560601	73.879141	489.430768	0.010774	24.7
1442	-0.533024	74.879141	484.326104	0.007846	24.9
1443	-0.554064	73.911713	489.262801	0.012811	25.2
1444	-0.533297	74.911702	484.161677	0.006980	24.7
1445	-0.532093	73.945776	489.087275	0.009798	25.0
1446	-0.532484	74.939180	484.023011	0.006778	24.4
1447	-0.534784	75.939180	479.029953	0.007158	25.1
1448	-0.527039	74.971883	483.858077	0.006627	25.1
1449	-0.541203	75.827436	479.582779	0.009803	24.9
1450	-0.560225	76.827436	474.680445	0.006594	24.5
1451	-0.525790	75.860300	479.420057	0.010022	25.2
1452	-0.551118	74.893321	484.254482	0.008515	24.7
1453	-0.550540	75.893321	479.256671	0.009110	24.9
1454	-0.516517	74.925894	484.090048	0.007678	24.8
1455	-0.547422	75.279011	482.314577	0.007122	25.0
1456	-0.512891	74.844940	484.498925	0.010219	24.8
1457	-0.545627	73.878085	489.436214	0.010762	24.9
1458	-0.529086	74.878085	484.331437	0.007228	24.7
1459	-0.527316	75.871306	479.365588	0.008102	24.8
1460	-0.542959	74.911755	484.161413	0.008898	24.7
1461	-0.551393	73.944327	489.094736	0.006825	25.0
1462	-0.544738	74.942824	484.004624	0.005836	24.6
1463	-0.540177	75.942824	479.011943	0.008771	24.9
1464	-0.522858	74.975542	483.839628	0.008477	25.5
1465	-0.537576	74.008116	488.766357	0.009062	24.9
1466	-0.552622	75.008116	483.675471	0.007550	24.7
1467	-0.537386	76.008116	478.689543	0.009101	25.0
1468	-0.544811	75.040688	483.511430	0.009223	24.8
1469	-0.524861	76.040688	478.528866	0.007890	25.0
1470	-0.511132	75.073277	483.347423	0.006741	24.5
1471	-0.525895	75.399084	481.713817	0.008455	24.9
1472	-0.549540	74.431656	486.597135	0.009001	24.8
1473	-0.534891	73.464229	491.580475	0.011028	25.2
1474	-0.536369	74.464229	486.431107	0.010592	24.9
1475	-0.551091	73.876919	489.442227	0.007758	25.1
1476	-0.542379	74.151373	488.030485	0.009877	24.7
1477	-0.545458	75.150972	482.956851	0.009713	25.3
1478	-0.538357	74.183545	487.865532	0.008641	24.6
1479	-0.562193	73.216117	492.875019	0.008131	24.8
1480	-0.521415	72.891723	494.577892	0.008180	24.8
1481	-0.530407	71.924296	499.726903	0.008966	25.1
1482	-0.549516	72.923665	494.409696	0.009873	24.9
1483	-0.538954	73.890771	489.370783	0.014083	25.2
1484	-0.537120	74.890771	484.267364	0.006589	25.4
1485	-0.547674	73.923343	489.202857	0.007845	24.8
1486	-0.556334	74.923343	484.102921	0.010864	24.6
1487	-0.527506	75.923343	479.108222	0.008540	24.8
1488	-0.549273	76.923343	474.215536	0.007837	25.0
1489	-0.561734	75.955916	478.947264	0.004966	24.9
1490	-0.542606	76.949861	474.087151	0.006728	24.8
1491	-0.541291	77.609420	470.916175	0.009002	25.0
1492	-0.537550	78.609419	466.188549	0.010065	25.0
1493	-0.548867	79.609340	461.555267	0.006540	25.2
1494	-0.541592	80.609340	457.012818	0.008435	24.8
1495	-0.504630	79.643691	461.397732	0.009199	25.1
1496	-0.542807	78.676292	465.875785	0.010781	24.9
1497	-0.543416	79.676292	461.248322	0.007777	25.0
1498	-0.532185	80.626090	456.937493	0.007747	24.8
1499	-0.529893	81.626089	452.485045	0.007933	25.1
1500	-0.557175	82.625869	448.119482	0.008562	25.0
1501	-0.531009	83.625869	443.836417	0.011800	25.1
1502	-0.539568	84.625869	439.634450	0.007800	24.9
1503	-0.521421	83.658442	443.698279	0.010681	25.6
1504	-0.531366	82.762010	447.531526	0.009069	24.8
1505	-0.555866	81.794589	451.743337	0.005885	24.8
1506	-0.556264	82.774887	447.475992	0.008545	24.9
1507	-0.522603	82.574416	448.342093	0.011098	25.2
1508	-0.549681	81.617570	452.522610	0.008366	24.8
1509	-0.545220	82.617570	448.155371	0.008104	25.1
1510	-0.522964	83.617570	443.871623	0.015232	24.9
1511	-0.527003	84.617570	439.668992	0.009262	25.1
1512	-0.546531	85.617570	435.545198	0.006413	24.8
1513	-0.557344	84.650145	439.533431	0.008218	25.0
1514	-0.544534	85.650115	435.412289	0.009295	25.0
1515	-0.544745	86.612035	431.520234	0.009101	24.9
1516	-0.549514	85.644608	435.434773	0.010952	24.7
1517	-0.535978	84.677181	439.420981	0.010071	24.8
1518	-0.530858	85.677181	435.301816	0.007415	24.6
1519	-0.541953	84.709941	439.284803	0.011276	25.1
1520	-0.538169	85.709941	435.168178	0.007401	25.0
1521	-0.537280	84.742514	439.149487	0.010311	25.0
1522	-0.544217	83.775086	443.204318	0.008273	24.8
1523	-0.541794	83.697563	443.532487	0.008479	25.2
1524	-0.533895	83.561872	444.108064	0.007472	24.9
1525	-0.525110	84.561844	439.901095	0.008502	24.7
1526	-0.542902	83.594589	443.969149	0.007104	24.7
1527	-0.503696	82.630566	448.099170	0.009596	24.9
1528	-0.525024	81.663192	452.321518	0.009085	24.7
1529	-0.525292	81.918133	451.201060	0.008419	24.9
1530	-0.537181	82.848881	447.157157	0.008564	24.6
1531	-0.534795	83.848881	442.892382	0.013229	25.1
1532	-0.571000	82.881454	447.016950	0.008531	24.7
1533	-0.566931	82.022733	450.742950	0.006130	25.3
1534	-0.530186	83.022733	446.409831	0.008708	24.7
1535	-0.540734	82.084835	450.471406	0.007405	25.0
1536	-0.523207	81.118717	454.733196	0.010353	24.9
1537	-0.553047	80.174412	458.977421	0.008713	25.0
1538	-0.541374	81.174412	454.485324	0.009084	24.7
1539	-0.545321	82.174412	450.080304	0.008857	25.2
1540	-0.559169	83.096888	446.091826	0.006429	24.8
1541	-0.525044	82.129460	450.276483	0.011429	25.3
1542	-0.531953	83.129431	445.952408	0.011452	25.8
1543	-0.526862	84.129259	441.711195	0.011944	24.8
1544	-0.551036	83.169365	445.781449	0.009066	24.8
1545	-0.556141	82.201938	449.960258	0.009730	25.0
1546	-0.541722	83.201938	445.642101	0.007939	24.8
1547	-0.525572	84.063904	441.985960	0.008320	25.2
1548	-0.528778	83.096477	446.093585	0.010030	24.6
1549	-0.541934	82.129075	450.278167	0.009515	25.3
1550	-0.543302	83.129075	445.953936	0.008282	24.9
1551	-0.534412	84.129075	441.711970	0.008483	25.9
1552	-0.518155	83.161647	445.814481	0.007980	24.5
1553	-0.541020	83.874043	442.786120	0.007718	24.7
1554	-0.536881	82.972346	446.626170	0.010036	24.8
1555	-0.512858	83.972346	442.371466	0.008140	24.9
1556	-0.551656	83.004919	446.486294	0.011103	24.6
1557	-0.538306	82.037492	450.678386	0.007005	24.9
1558	-0.557575	81.070246	454.949141	0.007393	24.8
1559	-0.511446	80.392149	457.991779	0.007223	24.9
1560	-0.528620	79.427609	462.390482	0.008552	24.7
1561	-0.541844	80.424835	457.844181	0.007413	25.0
1562	-0.519960	79.457420	462.253269	0.008106	24.7
1563	-0.514297	78.489992	466.748158	0.008605	25.3
1564	-0.520667	79.311203	462.927062	0.011384	25.4
1565	-0.551167	78.344714	467.430716	0.007775	25.0
1566	-0.551839	79.075785	464.016054	0.009349	25.1
1567	-0.535296	78.108425	468.545138	0.009785	24.9
1568	-0.530140	79.099502	463.906113	0.008483	26.9
1569	-0.552402	78.132074	468.433360	0.006513	29.9
1570	-0.535859	79.132074	463.755206	0.008291	27.6
1571	-0.546592	78.164647	468.279492	0.007629	27.4
1572	-0.542516	77.202531	472.867349	0.008716	27.3
1573	-0.522314	76.235114	477.572027	0.007881	27.7
1574	-0.555639	75.267705	482.371221	0.007222	26.8
1575	-0.522862	74.300285	487.267910	0.007665	27.0
1576	-0.537824	75.300285	482.208030	0.009143	26.6
1577	-0.549015	74.332857	487.101424	0.009208	26.3
1578	-0.532049	73.366021	492.092069	0.008250	26.2
1579	-0.504587	72.398602	497.189141	0.008109	26.3
1580	-0.526082	73.387594	491.979600	0.008777	27.1
1581	-0.527113	74.387565	486.822058	0.008033	26.9
1582	-0.528146	75.387565	481.771385	0.008868	26.6
1583	-0.527402	76.387563	476.824445	0.009841	26.3
1584	-0.541541	77.387563	471.978056	0.006333	26.9
1585	-0.504953	76.420147	476.664964	0.010314	27.2
1586	-0.525948	75.453064	481.444223	0.009647	26.6
1587	-0.529950	75.786902	479.783625	0.009995	27.2
1588	-0.519336	74.831922	484.564740	0.007421	26.6
1589	-0.537265	75.831751	479.561405	0.009450	26.9
1590	-0.536805	74.864324	484.400961	0.006127	26.8
1591	-0.550818	74.666924	485.400478	0.008416	26.6
1592	-0.553882	74.949813	483.969373	0.008761	25.0
1593	-0.515907	75.936078	479.045280	0.006157	24.9
1594	-0.535007	74.968738	483.873931	0.007541	24.9
1595	-0.543305	75.967090	478.892070	0.006399	24.7
1596	-0.545112	76.962142	474.027716	0.011872	24.8
1597	-0.508288	75.999275	478.733174	0.007707	25.0
1598	-0.533366	76.986082	473.911904	0.008209	24.5
1599	-0.543461	76.324220	477.134784	0.008371	26.2
1600	-0.548112	75.356835	481.925028	0.007769	25.0
1601	-0.534127	76.266238	477.419213	0.009335	24.9
1602	-0.551917	76.109700	478.188797	0.008522	24.5
1603	-0.537241	75.159722	482.912904	0.009083	25.0
1604	-0.523183	74.192295	487.820687	0.011099	24.7
1605	-0.540137	73.224867	492.829249	0.011070	25.0
1606	-0.551615	74.224867	487.653823	0.007448	24.7
1607	-0.552739	74.788783	484.782970	0.008466	25.2
1608	-0.535115	75.788783	479.774301	0.007369	24.5
1609	-0.534373	76.765040	474.983394	0.009160	25.2
1610	-0.556855	75.797624	479.730478	0.007247	24.6
1611	-0.520598	76.797624	474.825140	0.008587	24.6
1612	-0.534321	77.797576	470.019333	0.008995	24.6
1613	-0.538350	78.797576	465.309606	0.011369	25.2
1614	-0.536357	79.797576	460.693329	0.007092	24.8
1615	-0.529962	80.797193	456.169462	0.011159	25.2
1616	-0.534900	79.829765	460.546253	0.009060	24.4
1617	-0.548888	80.829742	456.023649	0.008869	25.1
1618	-0.543537	79.862315	460.397628	0.007187	24.8
1619	-0.555670	78.894888	464.856328	0.012048	26.0
1620	-0.525778	79.409286	462.474862	0.007817	26.3
1621	-0.528487	78.443008	466.968683	0.007379	25.5
1622	-0.550502	77.475581	471.556199	0.008911	27.1
1623	-0.530121	77.884254	469.607332	0.010379	24.5
1624	-0.519676	76.916983	474.246340	0.006174	24.9
1625	-0.525190	75.949578	478.978574	0.010333	24.8
1626	-0.520884	76.949575	474.088537	0.009927	26.1
1627	-0.552338	75.982147	478.817719	0.006282	26.7
1628	-0.546459	76.981241	473.935320	0.007785	25.3
1629	-0.561006	76.989611	473.894834	0.006836	26.0
1630	-0.541575	77.989611	469.107515	0.009363	26.6
1631	-0.565340	77.022184	473.737359	0.009987	26.8
1632	-0.538767	76.056294	478.451926	0.007258	27.1
1633	-0.554377	77.056293	473.572567	0.008052	26.3
1634	-0.535625	78.017768	468.974120	0.011728	26.4
1635	-0.537121	77.064187	473.534448	0.008489	26.9
1636	-0.531285	78.064187	468.754371	0.006664	27.0
1637	-0.556374	77.096760	473.377213	0.011086	26.3
1638	-0.543603	78.096760	468.600294	0.008638	25.9
1639	-0.535858	79.071776	464.034641	0.006840	25.0
1640	-0.542507	80.071776	459.443501	0.006271	24.6
1641	-0.523233	80.302874	458.395394	0.009944	25.4
1642	-0.540384	81.148151	454.602167	0.009819	24.7
1643	-0.506394	82.148151	450.194893	0.009506	25.1
1644	-0.532436	83.148151	445.872254	0.006879	24.5
1645	-0.559745	84.148151	441.631834	0.008266	25.5
1646	-0.540610	85.147083	437.475712	0.006820	25.4
1647	-0.551735	86.147083	433.392766	0.006014	25.1
1648	-0.547973	87.142602	429.403120	0.010446	25.1
1649	-0.557429	88.138573	425.484494	0.009960	25.2
1650	-0.550920	89.127939	421.662034	0.008075	24.8
1651	-0.530526	88.160511	425.398984	0.011442	25.1
1652	-0.548763	87.193084	429.202762	0.009782	24.7
1653	-0.552421	88.193083	425.272089	0.010767	25.3
1654	-0.546616	89.192963	421.413214	0.007380	24.7
1655	-0.550302	89.731708	419.362903	0.008323	25.2
1656	-0.534879	90.731708	415.609600	0.010981	24.7
1657	-0.554405	89.764281	419.239580	0.009299	25.1
1658	-0.535602	88.796854	422.933527	0.006924	24.8
1659	-0.529695	87.829463	426.693005	0.007753	24.9
1660	-0.514079	88.779500	423.000383	0.009121	24.7
1661	-0.548919	87.812073	426.761199	0.007600	24.9
1662	-0.520821	88.812073	422.874912	0.007771	25.3
1663	-0.531492	89.807849	419.074739	0.008708	24.9
1664	-0.542573	88.840422	422.765769	0.007498	24.8
1665	-0.563250	87.897526	426.426315	0.008856	24.9
1666	-0.543236	88.294396	424.877876	0.008547	24.5
1667	-0.519301	87.327434	428.670455	0.007210	25.1
1668	-0.554860	86.360007	432.533230	0.007453	24.8
1669	-0.527631	85.392580	436.466253	0.008341	25.4
1670	-0.540731	86.391874	432.404884	0.008420	24.7
1671	-0.548138	85.424446	436.335562	0.010655	24.8
1672	-0.533834	84.457021	440.338351	0.008133	25.0
1673	-0.515210	85.457015	436.202071	0.006642	24.8
1674	-0.529706	84.489588	440.202407	0.008278	24.7
1675	-0.524253	85.479413	436.110316	0.011649	24.8
1676	-0.538300	86.478396	432.056787	0.009911	24.6
1677	-0.552257	85.510969	435.981111	0.010687	25.0
1678	-0.509196	84.550294	439.949228	0.007308	24.8
1679	-0.543751	83.588373	443.995536	0.009133	24.8
1680	-0.527630	84.587371	439.794744	0.010178	24.8
1681	-0.552664	85.587371	435.668601	0.007504	25.1
1682	-0.533580	84.619971	439.658997	0.008657	24.7
1683	-0.521536	85.619971	435.535388	0.008606	24.9
1684	-0.538978	86.619970	431.488419	0.009735	24.7
1685	-0.535876	87.526100	427.885741	0.009667	25.1
1686	-0.532720	88.002929	426.013970	0.011641	24.6
1687	-0.552137	88.993574	422.177124	0.009763	25.1
1688	-0.537562	88.026146	425.923250	0.007618	24.5
1689	-0.534987	87.297006	428.790901	0.008407	25.1
1690	-0.541252	88.295928	424.871919	0.011096	24.8
1691	-0.517882	89.295899	421.019921	0.006727	24.5
1692	-0.558447	88.333255	424.726865	0.009635	24.9
1693	-0.534826	88.913068	422.486346	0.009660	25.0
1694	-0.543281	89.902402	418.717448	0.006742	24.9
1695	-0.526825	88.934974	422.402160	0.013291	24.9
1696	-0.541558	89.934974	418.594505	0.007369	24.6
1697	-0.542747	88.967547	422.277044	0.010654	25.0
1698	-0.538528	89.967547	418.471634	0.007827	24.7
1699	-0.530691	89.000119	422.152002	0.007229	25.2
1700	-0.531635	88.032692	425.897680	0.006931	24.7
1701	-0.545401	89.032692	422.027033	0.011055	26.9
1702	-0.539333	90.030855	418.233027	0.005857	26.3
1703	-0.557768	90.975134	414.706097	0.009453	26.4
1704	-0.565549	90.007706	418.320243	0.010189	27.7
1705	-0.544029	91.007706	414.585498	0.007726	27.4
1706	-0.548844	91.991566	410.975548	0.008994	26.9
1707	-0.542489	91.024139	414.524684	0.009279	25.3
1708	-0.526524	92.024125	410.857157	0.015827	26.1
1709	-0.538931	93.024125	407.253909	0.009259	25.2
1710	-0.545085	92.056698	410.738785	0.008523	24.9
1711	-0.523936	93.056698	407.137604	0.007685	25.8
1712	-0.546342	92.113188	410.533658	0.007163	24.7
1713	-0.550335	93.113188	406.936057	0.008532	24.9
1714	-0.552739	92.145760	410.415473	0.009459	24.5
1715	-0.535725	91.533219	412.649446	0.006928	24.9
1716	-0.567199	92.530784	409.023605	0.010443	25.1
1717	-0.545743	93.530784	405.452307	0.010921	25.8
1718	-0.525531	92.563357	408.906288	0.006880	25.0
1719	-0.520998	93.563357	405.337029	0.007897	27.0
1720	-0.537512	93.065592	407.105858	0.008942	25.2
1721	-0.544653	94.065444	403.568343	0.009092	26.2
1722	-0.549766	95.065443	400.091273	0.009532	25.4
1723	-0.538957	96.001776	396.889449	0.008538	24.7
1724	-0.538867	96.789685	394.234611	0.007206	24.8
1725	-0.527004	97.789685	390.915850	0.008272	25.0
1726	-0.540685	98.779502	387.685455	0.011335	25.2
1727	-0.549473	97.812074	390.842184	0.006684	24.7
1728	-0.533893	98.756822	387.758874	0.008102	25.0
1729	-0.526424	97.789532	390.916354	0.008315	24.7
1730	-0.540100	96.822105	394.126132	0.010358	24.8
1731	-0.548626	97.822101	390.809202	0.007180	26.6
1732	-0.535294	98.822101	387.547624	0.009592	27.0
1733	-0.552364	99.821461	384.342072	0.008820	27.6
1734	-0.539843	98.854034	387.444371	0.009973	25.4
1735	-0.539239	99.854034	384.238484	0.006812	24.8
1736	-0.515230	98.886606	387.339104	0.007370	25.1
1737	-0.539014	99.886606	384.134952	0.012621	25.7
1738	-0.520199	98.919400	387.233181	0.009181	26.1
1739	-0.501991	99.919118	384.031668	0.008372	26.2
1740	-0.547384	98.951691	387.128938	0.009947	24.6
1741	-0.580122	97.984263	390.276574	0.007352	26.6
1742	-0.534104	98.984263	387.023842	0.007986	27.3
1743	-0.535986	99.860113	384.219155	0.007342	26.6
1744	-0.537644	98.894018	387.315160	0.011113	25.6
1745	-0.540459	97.926590	390.465837	0.007702	26.9
1746	-0.558166	98.926590	387.209964	0.006887	25.0
1747	-0.517242	98.892610	387.319706	0.007835	24.5
1748	-0.541823	99.890789	384.121661	0.009857	27.4
1749	-0.531742	100.890789	380.970302	0.008464	26.8
1750	-0.555701	101.890789	377.870230	0.007390	24.8
1751	-0.532923	102.672401	375.482082	0.010934	25.0
1752	-0.524458	101.709665	378.427979	0.009303	24.6
1753	-0.543984	100.742238	381.435164	0.007034	25.2
1754	-0.540851	101.307853	379.671211	0.010308	24.8
1755	-0.537385	102.307844	376.592188	0.009946	24.8
1756	-0.543835	103.307844	373.562675	0.007941	24.6
1757	-0.544317	104.307844	370.581516	0.008136	24.8
1758	-0.549486	105.307827	367.647609	0.013353	24.9
1759	-0.540480	106.307827	364.759745	0.010135	25.2
1760	-0.533295	107.307827	361.916896	0.008619	24.7
1761	-0.506830	106.351734	364.633987	0.007129	25.2
1762	-0.530491	105.384307	367.425132	0.008167	24.8
1763	-0.536845	106.383582	364.542822	0.011208	25.0
1764	-0.538360	107.383579	361.703350	0.009531	24.7
1765	-0.538291	106.416153	364.449638	0.009183	25.4
1766	-0.548291	105.449279	367.236342	0.010150	24.7
1767	-0.562489	106.449279	364.354911	0.007480	25.1
1768	-0.551406	107.445916	361.527808	0.010511	24.7
1769	-0.541641	106.478500	364.271393	0.007213	25.4
1770	-0.548988	107.478500	361.436122	0.011389	24.9
1771	-0.533614	108.473673	358.658014	0.009640	25.0
1772	-0.530642	108.557643	358.425558	0.011395	25.2
1773	-0.537932	107.590216	361.122113	0.009237	26.0
1774	-0.538115	106.622792	363.859541	0.009807	27.5
1775	-0.548092	105.655762	366.637649	0.009461	31.1
1776	-0.538080	104.749645	369.279536	0.008706	28.8
1777	-0.530287	105.749645	366.366080	0.009400	27.4
1778	-0.519726	104.782226	369.183884	0.009036	28.7
1779	-0.545991	103.814798	372.045392	0.007522	31.1
1780	-0.541431	104.814798	369.088305	0.008145	29.3
1781	-0.550222	105.814797	366.177857	0.008348	28.9
1782	-0.559730	104.876244	368.908136	0.006081	33.8
1783	-0.539853	104.108734	371.171292	0.008840	35.6
1784	-0.522812	103.141307	374.063813	0.007249	30.2
1785	-0.557800	104.141307	371.074681	0.010191	30.2
1786	-0.542907	103.173880	373.965690	0.007951	28.5
1787	-0.541598	104.173880	370.978121	0.009621	26.6
1788	-0.528324	103.206452	373.867619	0.008674	26.4
1789	-0.531182	104.206452	370.881611	0.006991	25.5
1790	-0.558589	103.239025	373.769600	0.008787	25.8
1791	-0.543657	102.382385	376.364671	0.007525	25.0
1792	-0.534487	101.414959	379.339022	0.010594	24.8
1793	-0.532734	100.447538	382.360741	0.010844	25.1
1794	-0.544904	101.447537	379.238096	0.006673	24.9
1795	-0.552768	102.421649	376.244939	0.006747	24.8
1796	-0.530112	102.793838	375.113748	0.007294	25.0
1797	-0.540722	101.852340	377.988492	0.012633	25.0
1798	-0.570196	102.852335	374.936578	0.010930	24.6
1799	-0.530983	102.126357	377.147281	0.007920	24.6
1800	-0.535786	101.201180	380.002635	0.008755	24.7
1801	-0.524195	102.201167	376.918270	0.009944	24.6
1802	-0.544633	101.233739	379.901415	0.012210	24.8
1803	-0.535392	102.233621	376.819007	0.007662	24.6
1804	-0.555344	101.739896	378.334773	0.007917	24.8
1805	-0.539145	102.739895	375.277275	0.009762	24.8
1806	-0.558780	101.772468	378.234399	0.006968	25.0
1807	-0.530811	102.772467	375.178516	0.006916	24.7
1808	-0.562588	103.772467	372.171614	0.006242	25.0
1809	-0.529490	104.488412	370.048277	0.010108	26.5
1810	-0.570365	105.488412	367.122726	0.007852	27.0
1811	-0.528797	104.521117	369.951860	0.009805	30.1
1812	-0.532950	103.678087	372.453345	0.007083	26.8
1813	-0.538034	104.678073	369.489837	0.007292	26.8
1814	-0.549081	103.710645	372.356108	0.010468	26.5
1815	-0.543654	102.743218	375.267197	0.007324	26.2
1816	-0.535220	101.775791	378.224162	0.008115	25.9
1817	-0.543859	100.808363	381.228097	0.011792	24.9
1818	-0.560603	101.807221	378.127364	0.009834	24.4
1819	-0.527055	102.807197	375.073274	0.007223	25.0
1820	-0.534968	101.839769	378.027172	0.007580	25.0
1821	-0.530378	100.992671	380.652135	0.008021	25.3
1822	-0.517333	101.983720	377.584696	0.008087	24.5
1823	-0.523876	102.610023	375.671563	0.008685	26.0
1824	-0.570696	101.725686	378.378579	0.007497	25.9
1825	-0.553644	100.872071	381.028814	0.012626	25.9
1826	-0.548886	101.761081	378.269482	0.007105	25.1
1827	-0.524984	101.740468	378.333008	0.011054	27.4
1828	-0.531843	100.773041	381.338679	0.007120	28.2
1829	-0.516334	101.773040	378.232637	0.006905	27.3
1830	-0.521773	100.805613	381.236707	0.011190	26.6
1831	-0.542847	99.846191	384.263419	0.007028	25.6
1832	-0.554992	100.840916	381.126244	0.007730	25.1
1833	-0.535005	101.655920	378.593798	0.008613	24.5
1834	-0.543509	102.655920	375.532126	0.009401	25.2
1835	-0.548224	101.688493	378.493285	0.007746	24.5
1836	-0.555712	102.686036	375.440690	0.007383	25.1
1837	-0.535093	103.686036	372.429601	0.009247	24.6
1838	-0.531294	104.686036	369.466427	0.010052	24.8
1839	-0.516751	105.686023	366.550071	0.009047	24.5
1840	-0.542508	104.718596	369.370739	0.008036	24.8
1841	-0.550034	103.751189	372.235094	0.008371	24.8
1842	-0.539354	102.783762	375.144283	0.011491	25.0
1843	-0.511902	102.849706	374.944536	0.007562	24.6
1844	-0.552865	103.849706	371.941368	0.008756	24.9
1845	-0.536536	102.882286	374.845928	0.011046	24.8
1846	-0.537185	103.882273	371.844374	0.010166	25.3
1847	-0.555126	104.882273	368.890468	0.010530	24.6
1848	-0.539515	105.882273	365.983124	0.007583	26.8
1849	-0.536100	106.882273	363.121249	0.009405	24.8
1850	-0.529065	106.225050	364.997071	0.009419	25.0
1851	-0.516746	107.225042	362.150558	0.010599	24.9
1852	-0.537300	108.225042	359.348078	0.008846	25.1
1853	-0.521230	109.225042	356.588639	0.008673	25.1
1854	-0.534166	110.196089	353.949351	0.006524	25.0
1855	-0.544662	109.228662	356.578728	0.007679	25.5
1856	-0.523118	110.227169	353.865523	0.009310	25.2
1857	-0.551183	111.193058	351.279949	0.009700	25.1
1858	-0.523698	112.191637	348.646293	0.009958	26.8
1859	-0.558068	113.191637	346.048170	0.010969	29.0
1860	-0.532171	112.224212	348.561044	0.009725	30.9
1861	-0.536943	113.156573	346.138616	0.007612	29.3
1862	-0.551015	112.189146	348.652815	0.009472	29.8
1863	-0.528977	111.221718	351.203805	0.007842	28.4
1864	-0.529648	110.254291	353.792400	0.006693	29.9
1865	-0.541985	111.254291	351.117309	0.009976	29.5
1866	-0.524713	110.286863	353.704624	0.010270	30.6
1867	-0.535499	109.467158	355.926897	0.009253	30.0
1868	-0.554652	110.462628	353.231722	0.007465	32.3
1869	-0.521416	111.428526	350.655346	0.010668	29.6
1870	-0.540133	112.428526	348.027307	0.007432	26.6
1871	-0.530283	111.461099	350.569119	0.009810	28.6
1872	-0.560968	110.493847	353.147860	0.008514	27.8
1873	-0.525038	109.526419	355.765299	0.009938	27.7
1874	-0.563104	108.558992	358.421827	0.007718	30.1
1875	-0.527933	107.591565	361.118327	0.007248	28.9
1876	-0.561167	106.624137	363.855707	0.012026	28.9
1877	-0.517774	106.078036	365.419330	0.009241	27.4
1878	-0.542899	105.110613	368.222544	0.007586	30.9
1879	-0.529468	104.143186	371.069111	0.007741	27.6
1880	-0.546477	103.175760	373.960028	0.008703	26.4
1881	-0.545038	104.175760	370.972548	0.007952	27.5
1882	-0.512404	105.175760	368.032423	0.012272	27.9
1883	-0.536803	106.175760	365.138535	0.008582	27.1
1884	-0.551765	107.173987	362.294812	0.009618	26.1
1885	-0.522367	106.206584	365.050056	0.012776	25.0
1886	-0.538396	105.239157	367.847599	0.008690	26.1
1887	-0.551638	106.179189	365.128691	0.007059	25.3
1888	-0.520873	105.257120	367.795261	0.006902	24.9
1889	-0.546636	104.289704	370.635168	0.007413	25.2
1890	-0.533979	103.322277	373.519306	0.009951	24.7
1891	-0.527161	102.354850	376.448682	0.012323	25.8
1892	-0.540345	103.354850	373.421469	0.010584	24.4
1893	-0.518683	104.354849	370.442556	0.009110	25.1
1894	-0.520289	103.387421	373.323686	0.010719	24.6
1895	-0.539427	103.087583	374.225763	0.008004	25.1
1896	-0.548084	102.120156	377.166275	0.008303	24.9
1897	-0.526514	103.120124	374.127654	0.008915	25.2
1898	-0.550090	102.802909	375.086265	0.011219	24.8
1899	-0.529516	103.802908	372.080839	0.011098	25.5
1900	-0.537041	104.802908	369.123190	0.007937	25.4
1901	-0.521334	105.802908	366.212191	0.010379	26.1
1902	-0.535291	105.720268	366.451014	0.006884	26.5
1903	-0.541152	106.720263	363.581859	0.007038	26.5
1904	-0.560158	107.667090	360.906357	0.012715	27.4
1905	-0.547961	108.611212	358.277419	0.010080	26.4
1906	-0.530554	109.611212	355.534336	0.007707	27.2
1907	-0.546110	108.643785	358.187403	0.011855	27.4
1908	-0.560241	109.553782	355.690734	0.006681	26.8
1909	-0.540791	110.541169	353.020814	0.008870	24.4
1910	-0.534780	109.705420	355.278080	0.013778	25.0
1911	-0.551376	110.705420	352.580560	0.011999	24.7
1912	-0.548612	109.737992	355.189565	0.008708	26.2
1913	-0.529225	108.873840	357.552918	0.006534	25.4
1914	-0.548357	109.845014	354.899047	0.007231	25.6
1915	-0.555965	110.603727	352.853005	0.007487	24.6
1916	-0.529922	109.636300	355.466058	0.010106	25.6
1917	-0.533150	108.668873	358.118103	0.008029	25.6
1918	-0.533023	109.668873	355.377449	0.008218	25.4
1919	-0.536353	110.668873	352.678425	0.008044	24.4
1920	-0.570233	109.714867	355.252403	0.008925	25.2
1921	-0.543880	108.747507	357.901063	0.010557	24.6
1922	-0.537213	109.747501	355.163734	0.010090	26.4
1923	-0.539644	110.747501	352.467943	0.009346	25.0
1924	-0.554822	111.747501	349.812767	0.009916	25.1
1925	-0.545246	112.747501	347.197295	0.007787	25.0
1926	-0.530059	113.747501	344.620644	0.010573	25.2
1927	-0.523410	114.741330	342.097507	0.011202	24.9
1928	-0.549275	113.773903	344.553135	0.010483	24.8
1929	-0.557399	112.807547	347.041490	0.008132	24.5
1930	-0.535589	111.840715	349.567304	0.008862	25.3
1931	-0.544386	110.873469	352.131258	0.009407	24.5
1932	-0.551993	111.873465	349.481145	0.010558	24.8
1933	-0.539914	112.873465	346.870612	0.007015	24.6
1934	-0.529263	113.873465	344.298789	0.012530	24.9
1935	-0.518277	114.873465	341.764823	0.011557	26.5
1936	-0.549142	113.906037	344.215660	0.008421	31.6
1937	-0.551803	114.905859	341.683361	0.011397	27.3
1938	-0.555290	115.905859	339.187608	0.005760	29.2
1939	-0.555903	114.938431	341.601490	0.007212	27.9
1940	-0.554915	113.975079	344.039589	0.009403	30.3
1941	-0.537759	113.007652	346.523277	0.010126	28.8
1942	-0.531010	112.040224	349.043087	0.009382	27.7
1943	-0.553810	111.072830	351.599724	0.010757	26.5
1944	-0.535116	111.623567	350.139659	0.007565	27.0
1945	-0.526878	112.560371	347.683750	0.009954	26.5
1946	-0.507911	113.560371	345.099901	0.007997	27.7
1947	-0.548120	114.560371	342.554172	0.008431	26.9
1948	-0.523291	113.592943	345.016384	0.010093	27.4
1949	-0.550550	113.852534	344.352227	0.006689	27.1
1950	-0.537723	114.852534	341.817477	0.009414	27.9
1951	-0.533255	115.575686	340.007595	0.008708	28.0
1952	-0.542420	116.574113	337.540032	0.012096	29.4
1953	-0.537137	115.606686	339.930438	0.008038	30.0
1954	-0.526634	116.606686	337.460134	0.007914	30.0
1955	-0.556773	117.606686	335.025474	0.006420	30.4
1956	-0.549373	118.592190	332.660234	0.008037	28.6
1957	-0.544174	117.624763	334.981786	0.009276	29.5
1958	-0.549969	118.624494	332.583269	0.006653	30.2
1959	-0.549128	119.624493	330.218226	0.014151	28.0
1960	-0.539968	120.624422	327.886745	0.008214	28.6
1961	-0.550551	119.656994	330.141923	0.009735	27.0
1962	-0.551182	120.656994	327.811350	0.009761	27.1
1963	-0.567373	121.638816	325.554937	0.014234	26.0
1964	-0.556005	122.638735	323.288636	0.009190	25.5
1965	-0.533424	123.638735	321.053490	0.009689	24.7
1966	-0.549505	122.671307	323.215341	0.007072	25.5
1967	-0.554479	123.671307	320.981205	0.008964	25.1
1968	-0.526857	124.598277	318.937639	0.009577	24.9
1969	-0.537892	125.460717	317.059560	0.006267	24.8
1970	-0.546714	126.460714	314.909439	0.007594	25.0
1971	-0.535867	127.460704	312.788297	0.008846	24.7
1972	-0.565791	127.850008	311.970227	0.007200	24.8
1973	-0.540931	128.849944	309.888474	0.009734	24.7
1974	-0.556333	129.755449	308.027146	0.006703	25.0
1975	-0.551324	128.789515	310.013493	0.008054	24.8
1976	-0.535558	127.822087	312.028755	0.010363	24.9
1977	-0.552238	128.822087	309.946093	0.008269	25.4
1978	-0.541334	129.822087	307.891049	0.011365	25.0
1979	-0.554583	128.854660	309.878723	0.009042	25.4
1980	-0.556867	127.887232	311.892228	0.008439	25.2
1981	-0.543684	126.921833	313.927767	0.007722	24.6
1982	-0.553841	125.954547	315.994106	0.008439	24.9
1983	-0.549453	126.954547	313.858355	0.010385	24.8
1984	-0.538629	125.987119	315.924081	0.007224	25.5
1985	-0.560259	125.019692	318.017180	0.008658	26.7
1986	-0.518693	126.019692	315.854087	0.009427	25.3
1987	-0.549213	125.052265	317.946255	0.010373	25.4
1988	-0.526922	125.842848	316.234472	0.008785	26.9
1989	-0.550078	124.875421	318.331699	0.009234	27.2
1990	-0.517607	123.907994	320.456929	0.009597	26.8
1991	-0.530233	122.940566	322.610726	0.007721	26.3
1992	-0.554171	122.038734	324.644725	0.010411	27.6
1993	-0.551173	123.038734	322.390854	0.008380	26.4
1994	-0.563282	123.972602	320.314115	0.008545	25.2
1995	-0.546060	123.074892	322.309946	0.007182	24.7
1996	-0.544345	122.107465	324.488808	0.006910	25.0
1997	-0.517177	123.107418	322.237199	0.007048	24.7
1998	-0.531366	122.139991	324.415073	0.006180	25.0
1999	-0.525078	121.224105	326.504222	0.006671	24.7
