1:ItNr	2:Metric	3a:Time	3b:StepSize	4:||Gradient||	Time[ms]
0	-0.591017	0.000000	2441.746884	0.003005	1920.6
1	-0.616715	0.000000	2441.746884	0.003486	5.9
2	-0.588407	1.000000	2330.758389	0.003667	5.5
3	-0.602379	2.000000	2229.421068	0.003516	5.5
4	-0.589559	3.000000	2136.528523	0.002731	6.0
5	-0.589636	2.155187	2214.479351	0.003918	5.3
6	-0.577889	3.155187	2122.802176	0.002813	5.4
7	-0.596968	2.310621	2199.713360	0.003003	5.5
8	-0.588248	3.310621	2109.229725	0.002675	5.4
9	-0.600118	2.465809	2185.165897	0.003365	5.4
10	-0.599091	3.465809	2095.850807	0.003309	5.4
11	-0.595288	4.403513	2018.487899	0.003363	5.5
12	-0.575326	5.403513	1942.040198	0.003239	5.7
13	-0.574678	6.397969	1871.550570	0.002756	5.9
14	-0.598543	7.397969	1805.646189	0.002751	5.7
15	-0.605800	6.558860	1860.624297	0.002903	5.8
16	-0.579339	7.558860	1795.473787	0.002667	5.8
17	-0.587799	6.714048	1850.205551	0.003543	5.4
18	-0.614543	5.870924	1908.259092	0.002850	5.8
19	-0.594856	6.853059	1840.971403	0.003439	5.6
20	-0.602651	6.948138	1834.708415	0.003081	5.5
21	-0.588289	7.948138	1771.329264	0.003164	5.4
22	-0.589353	8.947347	1712.227951	0.003443	5.2
23	-0.594981	9.947347	1656.900819	0.002842	5.2
24	-0.571479	9.102534	1703.400908	0.002501	5.4
25	-0.572169	8.257722	1752.586364	0.003468	5.5
26	-0.590260	9.257722	1694.664411	0.003242	5.5
27	-0.598784	10.257722	1640.448546	0.002815	5.5
28	-0.604502	11.257722	1589.594101	0.002929	5.7
29	-0.599048	10.421078	1631.919982	0.002678	5.8
30	-0.587846	11.421078	1581.584827	0.002819	5.6
31	-0.588138	12.421078	1534.261852	0.002816	5.9
32	-0.581463	11.576397	1574.044094	0.002973	5.7
33	-0.594718	12.576397	1527.164611	0.003088	5.5
34	-0.605708	13.576397	1482.996775	0.002551	5.6
35	-0.591631	12.731591	1520.138328	0.004117	5.5
36	-0.591528	11.886779	1559.188424	0.003857	5.7
37	-0.584978	11.041966	1600.297696	0.002554	5.9
38	-0.601559	12.041966	1551.865418	0.002847	5.7
39	-0.578046	13.041966	1506.278586	0.002757	6.9
40	-0.616269	13.860203	1470.923271	0.002784	5.3
41	-0.597633	14.860203	1429.905008	0.002661	5.2
42	-0.596632	14.029277	1463.823643	0.003512	5.3
43	-0.597626	15.029277	1423.194917	0.002753	5.4
44	-0.608681	14.299882	1452.602150	0.004194	5.7
45	-0.590798	13.456072	1488.175564	0.002980	5.6
46	-0.571186	14.456072	1446.203189	0.003312	5.9
47	-0.603558	15.456072	1406.533441	0.003014	6.0
48	-0.592470	14.767358	1433.616796	0.002708	6.2
49	-0.597276	15.529879	1403.691605	0.003303	5.9
50	-0.583087	16.529879	1366.289630	0.002992	5.9
51	-0.591219	17.529878	1330.829154	0.002723	5.9
52	-0.584208	16.685068	1360.663179	0.003333	5.9
53	-0.593440	15.841431	1391.821198	0.002458	6.0
54	-0.583853	16.841431	1355.040845	0.003103	5.9
55	-0.595056	15.996618	1385.983009	0.002881	6.3
56	-0.606456	16.996618	1349.506526	0.003235	6.5
57	-0.596337	16.151806	1380.193594	0.002991	5.8
58	-0.596110	17.151806	1344.017230	0.002757	5.9
59	-0.591035	16.306993	1374.452343	0.003077	5.8
60	-0.602078	15.463134	1406.261017	0.002718	5.9
61	-0.607789	16.463134	1368.723821	0.002904	5.9
62	-0.613305	15.618322	1400.301320	0.002907	5.9
63	-0.585160	16.618322	1363.077402	0.002993	5.9
64	-0.587850	17.618322	1327.781270	0.002993	6.3
65	-0.588408	18.618322	1294.266946	0.003031	6.0
66	-0.600580	19.618322	1262.402829	0.003007	6.0
67	-0.580800	20.618322	1232.069967	0.003035	5.9
68	-0.600772	21.618320	1203.160634	0.002771	5.9
69	-0.593767	22.618320	1175.576797	0.002814	6.0
70	-0.559198	21.773507	1198.795421	0.002435	6.0
71	-0.615955	20.928695	1222.949689	0.004057	5.9
72	-0.608620	21.928695	1194.461759	0.003230	5.9
73	-0.587161	22.916403	1167.597549	0.002832	6.3
74	-0.589051	22.074510	1190.418297	0.002706	5.9
75	-0.569541	23.074510	1163.409073	0.003058	5.7
76	-0.592925	24.074510	1137.598275	0.003163	6.0
77	-0.591253	23.230960	1159.293959	0.003060	5.7
78	-0.600654	22.386147	1181.867663	0.003298	5.8
79	-0.603449	23.386147	1155.240714	0.003097	5.7
80	-0.601381	22.541335	1177.655319	0.002870	6.0
81	-0.587082	23.541335	1151.215713	0.003085	6.1
82	-0.598937	24.541331	1125.937338	0.003200	6.3
83	-0.575673	25.541331	1101.745134	0.003031	6.1
84	-0.604159	26.539543	1078.611218	0.002736	6.0
85	-0.607396	27.539543	1056.389929	0.003026	5.7
86	-0.597040	27.049435	1067.165190	0.003159	5.9
87	-0.617140	28.049435	1045.408259	0.002726	5.8
88	-0.624764	29.049322	1024.523068	0.003612	5.9
89	-0.568192	30.049322	1004.453790	0.003208	6.3
90	-0.601688	31.049322	985.155675	0.002930	5.9
91	-0.589293	32.049322	966.585114	0.003099	6.2
92	-0.609095	31.204509	982.227119	0.002862	6.4
93	-0.578189	32.204509	963.765768	0.002916	5.9
94	-0.625362	31.359697	979.315922	0.003173	5.8
95	-0.593190	30.514884	995.376103	0.003202	5.8
96	-0.604846	31.514872	976.422149	0.002795	5.9
97	-0.609290	30.670070	992.386586	0.002972	6.3
98	-0.594059	31.670070	973.545020	0.002896	5.8
99	-0.626413	30.825436	989.411539	0.003596	5.3
100	-0.565317	29.980624	1005.807322	0.002625	5.3
101	-0.605186	30.980624	986.457663	0.002712	5.2
102	-0.616946	31.980624	967.838448	0.002702	5.3
103	-0.577553	32.980623	949.909100	0.002820	5.4
104	-0.605105	33.980623	932.631938	0.002804	5.8
105	-0.602413	33.135814	947.185990	0.003115	6.0
106	-0.604529	32.291001	962.201556	0.003290	6.2
107	-0.611610	33.291001	944.478517	0.003334	6.2
108	-0.594080	33.758208	936.420059	0.003344	6.2
109	-0.576712	34.758208	919.625769	0.003774	6.7
110	-0.592786	33.913395	933.773708	0.002958	6.6
111	-0.592029	34.913395	917.073350	0.002984	6.4
112	-0.585405	34.068583	931.142262	0.002642	6.7
113	-0.610546	35.068583	914.535060	0.003289	6.3
114	-0.588195	36.065281	898.561858	0.002926	6.5
115	-0.613527	37.065281	883.086830	0.003011	6.4
116	-0.583453	36.220468	896.124871	0.002983	6.8
117	-0.603277	35.375656	909.553673	0.003768	6.4
118	-0.596116	36.375655	893.701070	0.002724	6.4
119	-0.593794	37.375655	878.391588	0.003364	6.3
120	-0.577319	38.375655	863.597788	0.002704	6.7
121	-0.605812	39.375655	849.294046	0.003794	6.5
122	-0.612359	38.530843	861.346525	0.002952	6.5
123	-0.581951	37.686030	873.746006	0.002478	7.0
124	-0.593061	38.686030	859.106969	0.002950	6.7
125	-0.600444	39.685911	844.952038	0.003219	6.4
126	-0.608445	38.841099	856.880730	0.002891	6.6
127	-0.607259	37.996297	869.150899	0.003280	6.9
128	-0.587826	37.151484	881.777740	0.002889	6.3
129	-0.614991	36.306674	894.776839	0.003129	6.5
130	-0.616531	37.306674	879.430794	0.003061	6.5
131	-0.623272	38.280167	864.988875	0.003359	6.3
132	-0.589681	39.203385	851.724284	0.002805	6.7
133	-0.620394	40.203384	837.807991	0.003073	6.4
134	-0.611924	39.358576	849.534370	0.002693	6.3
135	-0.592378	40.356153	835.721967	0.002977	6.7
136	-0.598193	41.356138	822.319761	0.003135	6.7
137	-0.586078	40.522762	833.458751	0.002789	6.3
138	-0.571489	41.522762	820.128266	0.002786	6.6
139	-0.593540	40.679210	831.344709	0.003204	6.4
140	-0.600143	39.835181	842.878800	0.003403	6.6
141	-0.596848	38.990369	854.748609	0.003732	6.6
142	-0.608647	39.990369	840.734124	0.003118	6.8
143	-0.612256	40.990369	827.171789	0.004042	6.5
144	-0.592265	41.990369	814.040071	0.003075	6.5
145	-0.572405	42.990369	801.318780	0.002637	5.9
146	-0.608884	43.988673	789.009559	0.003061	5.8
147	-0.588516	44.988673	777.052816	0.002841	5.6
148	-0.609649	45.988670	765.453088	0.002791	5.9
149	-0.616198	45.144014	775.227897	0.003044	6.2
150	-0.611167	44.299201	785.257456	0.003278	6.6
151	-0.596661	45.299200	773.413321	0.002728	6.3
152	-0.596676	46.299029	761.923092	0.002861	6.4
153	-0.601396	47.299029	750.767397	0.003471	6.2
154	-0.616335	46.454217	760.170185	0.003237	6.4
155	-0.585154	47.454217	749.065388	0.002897	6.6
156	-0.589483	46.609405	758.425321	0.002982	6.6
157	-0.618137	47.609405	747.371074	0.003059	6.4
158	-0.583895	48.609405	736.634434	0.002934	6.6
159	-0.578701	47.764592	745.684411	0.002753	6.4
160	-0.584227	46.919875	754.958461	0.002765	6.7
161	-0.605433	47.919875	744.004314	0.002478	6.5
162	-0.598493	48.813201	734.484077	0.002876	6.4
163	-0.586312	49.796281	724.285001	0.003571	6.4
164	-0.577910	48.951469	733.032280	0.003066	6.7
165	-0.589767	49.951469	722.700820	0.002952	6.8
166	-0.618763	50.951468	712.656545	0.003072	6.6
167	-0.589782	50.113024	721.058978	0.002770	6.4
168	-0.589598	49.268219	729.727963	0.002526	6.5
169	-0.587172	50.268185	719.489136	0.003871	6.5
170	-0.582042	51.268185	709.533315	0.002998	6.5
171	-0.607171	52.265883	699.871239	0.003025	6.6
172	-0.606873	53.265883	690.447379	0.002988	6.5
173	-0.597304	52.421071	698.391946	0.002899	6.6
174	-0.577946	53.421071	689.007615	0.002607	6.6
175	-0.588569	52.576258	696.918893	0.002555	6.4
176	-0.576861	53.576258	687.573843	0.003089	6.4
177	-0.608688	54.576258	678.476094	0.002721	6.7
178	-0.603153	53.751630	685.960758	0.002935	6.5
179	-0.579703	52.906817	693.801824	0.002590	6.5
180	-0.574583	53.906815	684.539641	0.002633	7.1
181	-0.591764	54.906815	675.521483	0.003098	6.5
182	-0.590072	55.906387	666.741558	0.002594	6.4
183	-0.600000	55.061575	674.147025	0.002827	6.6
184	-0.585352	56.040812	665.578192	0.003068	5.8
185	-0.589717	57.040812	657.049601	0.002849	5.9
186	-0.575419	58.040812	648.736812	0.002754	6.7
187	-0.591834	59.026855	640.743471	0.003505	6.4
188	-0.602066	60.026855	632.835680	0.002620	6.8
189	-0.570174	59.182042	639.503351	0.002846	6.3
190	-0.604179	58.337230	646.313016	0.004068	6.2
191	-0.559747	59.337230	638.268016	0.002842	6.2
192	-0.572894	60.337230	630.420835	0.002653	6.7
193	-0.582345	59.548079	636.597237	0.003102	6.4
194	-0.594040	60.548079	628.790833	0.003579	6.4
195	-0.584252	61.548079	621.173565	0.002543	7.0
196	-0.604880	62.543912	613.769254	0.003330	6.7
197	-0.572271	61.700164	620.031235	0.002867	6.4
198	-0.601594	62.700164	612.623469	0.002856	6.5
199	-0.593633	63.698662	605.401353	0.003165	6.5
200	-0.584066	62.855851	611.486064	0.002972	6.4
201	-0.583728	62.011039	617.709225	0.002575	6.5
202	-0.587435	61.176871	623.979518	0.003037	6.7
203	-0.601267	60.332060	630.460909	0.002982	6.5
204	-0.593211	61.332060	622.803370	0.003274	6.5
205	-0.594114	61.791816	619.344847	0.003405	6.3
206	-0.575056	60.947004	625.729825	0.002784	6.4
207	-0.595677	61.947004	618.186095	0.003050	6.2
208	-0.606727	62.947004	610.822090	0.003202	6.8
209	-0.611052	62.116121	616.928267	0.002887	6.2
210	-0.613486	61.271309	623.263266	0.003177	6.5
211	-0.589652	62.271309	615.778536	0.002667	6.6
212	-0.609824	63.271309	608.471440	0.003115	6.8
213	-0.602276	62.427188	614.627983	0.003141	6.4
214	-0.590344	61.582376	620.915588	0.002746	6.5
215	-0.582483	60.737563	627.333167	0.002717	6.6
216	-0.598797	59.892751	633.884791	0.002750	6.9
217	-0.602993	59.047938	640.574705	0.002898	6.5
218	-0.588798	60.047938	632.671053	0.003023	6.7
219	-0.588049	59.455364	637.330835	0.002923	6.5
220	-0.605334	58.610552	644.094069	0.002677	6.6
221	-0.599402	57.800156	650.718056	0.002785	6.2
222	-0.601933	58.800156	642.563712	0.002869	6.1
223	-0.597611	57.955344	649.439065	0.003293	6.3
224	-0.582086	58.955344	641.316542	0.002916	6.3
225	-0.599716	58.110533	648.165078	0.003030	6.3
226	-0.585659	57.265979	655.159310	0.002743	7.0
227	-0.580935	58.247516	647.044691	0.003060	6.5
228	-0.559483	57.408726	653.966554	0.002938	6.7
229	-0.594360	58.408683	645.731454	0.003204	6.5
230	-0.605101	59.408683	637.700836	0.002604	6.5
231	-0.601443	60.408683	629.867514	0.003198	6.6
232	-0.592994	59.563969	636.471676	0.002807	6.6
233	-0.595150	60.563969	628.668332	0.003125	6.9
234	-0.578364	61.563969	621.054014	0.002960	6.4
235	-0.612536	62.562796	613.630554	0.003489	6.5
236	-0.593238	61.717983	619.897665	0.002802	6.7
237	-0.586422	62.711194	612.542747	0.002810	6.4
238	-0.593295	61.866381	618.787544	0.002803	6.5
239	-0.596326	62.833458	611.649405	0.002545	6.5
240	-0.581268	63.833458	604.439403	0.002793	6.4
241	-0.604289	64.833458	597.397401	0.002689	6.9
242	-0.594422	64.323775	600.965961	0.002780	6.3
243	-0.602468	63.478963	606.975783	0.002958	6.6
244	-0.603462	62.634150	613.107020	0.002742	6.6
245	-0.593859	63.521661	606.669151	0.003288	6.6
246	-0.612517	64.521661	599.575403	0.003388	6.5
247	-0.596815	65.521661	592.645631	0.002384	6.4
248	-0.593707	64.676849	598.489385	0.002786	6.7
249	-0.598853	65.563359	592.360153	0.002891	6.6
250	-0.590654	64.718546	598.198251	0.002846	6.5
251	-0.585542	65.718546	591.300093	0.002795	6.3
252	-0.603056	66.601308	585.341542	0.003136	6.6
253	-0.607078	65.845689	590.434425	0.002728	6.6
254	-0.600197	66.845689	583.713157	0.003033	6.4
255	-0.594997	66.190150	588.101805	0.003042	6.4
256	-0.603542	67.190150	581.433239	0.002795	6.7
257	-0.604763	66.345637	587.054903	0.002782	6.4
258	-0.609902	65.593365	592.154892	0.002817	6.5
259	-0.611328	66.593329	585.394862	0.002889	6.6
260	-0.602341	67.593329	578.787200	0.003006	6.6
261	-0.588763	68.593329	572.327040	0.003051	6.6
262	-0.605228	69.593329	566.009499	0.002748	6.5
263	-0.589534	70.593329	559.829906	0.002818	6.6
264	-0.603040	69.748529	565.041499	0.003171	6.5
265	-0.602043	70.748529	558.882910	0.003335	6.4
266	-0.602515	71.748529	552.857122	0.003400	6.4
267	-0.577404	70.903718	557.939175	0.002641	6.4
268	-0.603910	70.095230	562.890994	0.002747	6.6
269	-0.607846	71.095230	556.778942	0.002826	6.5
270	-0.590468	70.250417	561.933700	0.003421	6.4
271	-0.573216	69.405605	567.184798	0.002739	6.9
272	-0.605478	70.405605	560.979655	0.002607	6.5
273	-0.585048	71.405605	554.908815	0.003733	6.4
274	-0.577800	72.405605	548.967964	0.002625	6.3
275	-0.600716	71.560792	553.978454	0.002670	6.5
276	-0.592495	72.560792	548.057401	0.002762	6.9
277	-0.599040	73.560792	542.261581	0.002848	6.6
278	-0.611921	74.560792	536.587061	0.002850	6.5
279	-0.600133	75.551035	531.083740	0.002889	6.6
280	-0.605485	76.551010	525.639707	0.002869	6.4
281	-0.572656	76.563985	525.569807	0.002692	6.6
282	-0.579875	77.563985	520.237536	0.003049	6.4
283	-0.587127	76.719172	524.735151	0.002695	6.4
284	-0.584364	77.719172	519.419718	0.003005	6.9
285	-0.612133	78.719172	514.210893	0.002921	6.5
286	-0.591055	79.719172	509.105501	0.003149	6.9
287	-0.594146	80.719172	504.100490	0.003100	7.1
288	-0.609210	79.874360	508.322277	0.003740	6.4
289	-0.594338	80.874360	503.332580	0.003402	6.4
290	-0.602718	81.874360	498.439888	0.002981	6.4
291	-0.594325	81.030252	502.563540	0.003006	6.5
292	-0.591635	80.185439	506.759518	0.003060	6.9
293	-0.586794	79.340627	511.026153	0.002746	6.3
294	-0.594251	80.340627	505.983495	0.003400	6.6
295	-0.621056	79.495814	510.237018	0.002660	6.4
296	-0.614345	80.495814	505.209845	0.003214	6.6
297	-0.596779	79.717683	509.113030	0.002711	6.5
298	-0.620978	80.717683	504.107872	0.003232	6.5
299	-0.581253	79.918949	508.097685	0.003232	6.5
300	-0.599833	79.074137	512.386978	0.002664	6.8
301	-0.615561	80.071563	507.330482	0.003711	6.8
302	-0.586148	79.677513	509.316161	0.003393	6.7
303	-0.617854	79.111866	512.193876	0.003237	6.4
304	-0.618549	78.267053	516.552904	0.003741	6.4
305	-0.589555	77.422241	520.986763	0.002806	6.4
306	-0.590050	76.578604	525.491067	0.003326	6.6
307	-0.586381	75.733791	530.080378	0.002876	6.6
308	-0.598915	76.733771	524.656770	0.002723	5.9
309	-0.600150	75.888961	529.231440	0.002666	5.9
310	-0.600042	76.888959	523.825004	0.002817	5.5
311	-0.605284	77.888959	518.527901	0.003078	5.9
312	-0.588279	77.044157	522.995825	0.003054	5.9
313	-0.573930	78.044157	517.715394	0.002523	6.2
314	-0.614778	77.199344	522.169318	0.002924	6.2
315	-0.605247	76.354532	526.700542	0.003240	6.2
316	-0.610053	77.354532	521.345419	0.003307	6.3
317	-0.595745	76.548854	525.651327	0.003062	7.0
318	-0.602583	77.548854	520.317411	0.002838	6.4
319	-0.596452	78.548850	515.090677	0.004013	6.4
320	-0.602031	79.332733	511.066358	0.002887	6.5
321	-0.575930	80.332733	506.022910	0.003150	6.4
322	-0.602092	79.509822	510.165909	0.002892	6.3
323	-0.589714	78.665023	514.490268	0.003758	6.4
324	-0.584839	77.820553	518.886842	0.002921	6.5
325	-0.598010	76.992745	523.270214	0.002955	6.6
326	-0.595389	76.147933	527.820647	0.002583	6.4
327	-0.592055	75.303120	532.450917	0.002634	6.4
328	-0.608299	74.458308	537.163144	0.002527	6.5
329	-0.593646	73.616817	541.940492	0.002634	6.8
330	-0.594760	74.614815	536.283887	0.002626	6.5
331	-0.573190	73.770092	541.063993	0.003696	6.7
332	-0.581685	74.770092	535.414380	0.002855	6.8
333	-0.612140	73.927290	540.168003	0.002694	6.8
334	-0.604606	74.927290	534.536988	0.003118	6.5
335	-0.624174	75.247512	532.758548	0.003065	6.6
336	-0.599451	76.246906	527.283452	0.003204	6.5
337	-0.623322	77.246906	521.916530	0.002469	6.4
338	-0.593111	78.246905	516.657767	0.003105	6.4
339	-0.608421	77.666970	519.694529	0.003108	6.4
340	-0.603471	78.666970	514.480218	0.002808	6.7
341	-0.559090	77.822158	518.878415	0.002564	6.6
342	-0.601214	78.822158	513.680387	0.003122	6.4
343	-0.595884	78.965159	512.945560	0.002947	6.6
344	-0.573061	78.120347	517.317446	0.002748	6.6
345	-0.598165	79.118976	512.157500	0.003301	6.4
346	-0.585756	78.274164	516.515906	0.002698	6.3
347	-0.616233	77.429351	520.949127	0.002885	6.8
348	-0.599023	78.429230	515.710367	0.003092	6.4
349	-0.605535	79.429230	510.575304	0.003001	6.8
350	-0.598611	78.584494	514.906311	0.003041	6.6
351	-0.615390	79.584494	509.787169	0.002527	6.4
352	-0.586262	80.584494	504.768813	0.002790	6.3
353	-0.605227	81.584494	499.848295	0.002780	7.1
354	-0.585217	80.901922	503.196442	0.003361	7.4
355	-0.570287	80.057110	507.403040	0.003431	10.6
356	-0.631527	81.057110	502.431284	0.003340	7.1
357	-0.610617	80.212297	506.625045	0.002823	7.4
358	-0.586309	81.212297	501.668450	0.002776	7.2
359	-0.589143	80.367484	505.849433	0.002601	7.1
360	-0.582428	81.313916	501.170190	0.002811	7.6
361	-0.603428	82.309890	496.338586	0.003209	7.2
362	-0.592431	81.600231	499.771628	0.003562	7.0
363	-0.596380	82.600231	494.947588	0.002922	9.9
364	-0.573342	81.755426	499.016808	0.002573	9.0
365	-0.600635	82.755425	494.207260	0.003233	8.8
366	-0.572598	81.910613	498.264300	0.002516	8.5
367	-0.593527	82.910613	493.469175	0.002849	8.1
368	-0.623495	83.591943	490.254630	0.003010	8.6
369	-0.588998	84.591943	485.611713	0.002941	8.6
370	-0.613755	83.747228	489.527842	0.003241	11.8
371	-0.593545	84.747228	484.898615	0.002831	10.0
372	-0.573743	83.902416	488.803658	0.002755	9.0
373	-0.599728	84.902377	484.188233	0.003224	11.0
374	-0.608535	84.057575	488.081745	0.003107	8.6
375	-0.581532	85.057531	483.479902	0.002742	12.0
376	-0.572282	84.212728	487.361989	0.002974	9.1
377	-0.611196	85.212728	482.773443	0.003322	7.6
378	-0.614898	84.367916	486.644194	0.002847	8.2
379	-0.591078	85.367916	482.069091	0.003480	8.4
380	-0.578408	86.367916	477.579211	0.002778	7.1
381	-0.589108	87.367916	473.172194	0.003290	8.2
382	-0.591226	88.367909	468.845797	0.003489	7.9
383	-0.599919	87.523109	472.495536	0.002857	8.2
384	-0.631720	88.523038	468.181723	0.002759	7.1
385	-0.597926	89.523038	463.945668	0.002699	7.9
386	-0.610399	90.523038	459.785580	0.003185	7.7
387	-0.592610	91.522974	455.699693	0.003249	7.0
388	-0.595791	90.678161	459.146927	0.002812	6.3
389	-0.607573	89.833349	462.646714	0.003299	6.1
390	-0.619364	90.833349	458.509784	0.002807	6.1
391	-0.618663	89.988555	461.999751	0.003259	6.0
392	-0.590773	89.143742	465.543331	0.002840	6.2
393	-0.596687	88.299239	469.140361	0.002771	5.6
394	-0.624919	87.454435	472.794724	0.003286	5.5
395	-0.585423	88.454435	468.475166	0.003013	6.1
396	-0.605150	87.611439	472.111273	0.003441	6.2
397	-0.615650	88.611438	467.804139	0.003146	5.8
398	-0.625218	89.611438	463.574882	0.004074	6.0
399	-0.569454	90.611438	459.421411	0.003184	5.6
400	-0.601965	91.611438	455.341707	0.002981	6.9
401	-0.590516	90.766626	458.783507	0.003653	6.2
402	-0.604323	89.921813	462.277734	0.003151	5.9
403	-0.595731	90.921813	458.147371	0.002622	6.0
404	-0.589733	90.077001	461.631878	0.003175	6.0
405	-0.611764	91.077001	457.512997	0.002643	6.1
406	-0.582285	92.077001	453.466966	0.002674	5.8
407	-0.611341	93.061452	449.553144	0.003148	6.0
408	-0.597788	94.028426	445.774024	0.003107	6.1
409	-0.585792	95.022932	441.953013	0.002848	5.9
410	-0.597633	96.022932	438.176377	0.002751	6.2
411	-0.591249	97.011610	434.505422	0.003031	5.8
412	-0.610377	98.011610	430.854472	0.002855	6.0
413	-0.575970	97.167026	433.933952	0.002753	7.6
414	-0.581628	96.322214	437.058615	0.002638	6.3
415	-0.611918	95.477565	440.227992	0.002858	7.6
416	-0.574843	96.477565	436.480655	0.002693	6.6
417	-0.599900	97.463944	432.846341	0.003235	5.7
418	-0.599694	98.463214	429.225726	0.002910	5.9
419	-0.596070	97.618716	432.281569	0.002813	5.7
420	-0.599704	98.618716	428.667741	0.003041	6.1
421	-0.596653	99.589355	425.217340	0.002939	6.0
422	-0.594893	98.745687	428.213208	0.002794	6.2
423	-0.609275	97.900874	431.255741	0.002652	6.0
424	-0.586949	98.900874	427.658972	0.003161	6.2
425	-0.588962	98.056063	430.693601	0.003008	6.2
426	-0.589896	97.211252	433.771606	0.002859	6.0
427	-0.590772	98.211252	430.132926	0.002654	5.9
428	-0.605079	99.210989	426.555718	0.002860	6.1
429	-0.586326	100.210989	423.036601	0.002621	6.1
430	-0.606990	101.210931	419.575272	0.003005	5.8
431	-0.593911	100.544573	421.875560	0.003056	6.1
432	-0.589027	100.461273	422.164887	0.002643	6.0
433	-0.592290	101.461273	418.717553	0.003179	6.0
434	-0.616226	102.461273	415.326064	0.002968	6.0
435	-0.633355	103.461273	411.989074	0.003051	6.9
436	-0.615781	104.461273	408.705279	0.003168	6.1
437	-0.596137	103.616460	411.476015	0.002696	6.8
438	-0.604514	104.616460	408.200362	0.002668	6.9
439	-0.585334	103.771916	410.963350	0.003042	5.9
440	-0.596566	102.927103	413.764892	0.002834	6.6
441	-0.598181	102.082291	416.604893	0.003407	7.3
442	-0.579618	103.058400	413.326987	0.003192	6.0
443	-0.623330	102.213587	416.160959	0.002879	6.4
444	-0.599301	103.213586	412.810595	0.002932	6.3
445	-0.575502	104.211680	409.519980	0.003021	6.0
446	-0.607235	103.366868	412.301809	0.003168	7.6
447	-0.612833	104.366868	409.013046	0.003429	6.3
448	-0.593900	105.366868	405.776335	0.002715	6.3
449	-0.595826	106.366868	402.590449	0.003254	7.1
450	-0.594407	107.366865	399.454208	0.002532	6.2
451	-0.604422	106.757431	401.359703	0.002761	6.0
452	-0.595042	105.913931	404.027234	0.002869	6.7
453	-0.584352	105.069118	406.734696	0.003427	6.1
454	-0.598215	106.069118	403.533803	0.002720	7.2
455	-0.607137	107.064711	400.396676	0.002684	6.6
456	-0.580409	107.548634	398.889378	0.003776	6.1
457	-0.598752	106.759076	401.354536	0.002790	6.2
458	-0.600194	105.914263	404.026177	0.002917	6.7
459	-0.596961	106.594477	401.872290	0.002676	6.1
460	-0.611178	105.749664	404.550851	0.002802	6.5
461	-0.581204	105.338482	405.867505	0.002800	6.3
462	-0.603725	106.215146	403.070595	0.002703	6.5
463	-0.596890	105.371280	405.762168	0.003448	6.6
464	-0.606383	104.526469	408.493006	0.003157	6.1
465	-0.586560	105.526469	405.264488	0.003648	6.2
466	-0.586391	106.526463	402.086621	0.002981	6.8
467	-0.585418	107.526463	398.958187	0.002816	5.9
468	-0.617847	108.499429	395.960700	0.002727	6.0
469	-0.601607	109.499420	392.926533	0.002686	7.0
470	-0.576917	108.654666	395.486611	0.002842	6.6
471	-0.613107	109.654666	392.459650	0.003143	6.1
472	-0.571998	110.654666	389.478672	0.002777	6.3
473	-0.600763	109.809854	391.994051	0.003050	6.6
474	-0.568213	110.809103	389.022333	0.004336	6.5
475	-0.605928	109.964290	391.531802	0.002727	6.4
476	-0.619135	109.120548	394.070617	0.002959	6.2
477	-0.625048	108.275735	396.645855	0.003319	7.1
478	-0.594854	109.275735	393.601191	0.002766	6.5
479	-0.587837	110.275412	390.603875	0.003004	6.6
480	-0.568484	109.430600	393.133856	0.002236	6.8
481	-0.592291	110.430600	390.142666	0.003394	6.4
482	-0.617069	111.430598	387.196656	0.003150	6.1
483	-0.587257	112.424846	384.311363	0.002783	6.6
484	-0.602190	113.424829	381.452482	0.003317	6.4
485	-0.622271	113.873002	380.184944	0.003126	6.0
486	-0.603206	114.873002	377.386853	0.003589	7.1
487	-0.601540	115.871325	374.634237	0.002820	6.4
488	-0.593709	115.026513	376.960958	0.002980	6.0
489	-0.616594	114.181700	379.316760	0.002591	6.6
490	-0.575905	115.181700	376.531387	0.002523	6.1
491	-0.618238	114.336888	378.881806	0.002805	7.1
492	-0.604142	115.336888	376.102795	0.003189	6.8
493	-0.600905	114.753447	377.719208	0.002961	6.5
494	-0.593464	115.753447	374.957163	0.003135	6.9
495	-0.597524	116.753447	372.235219	0.002952	6.4
496	-0.598413	117.753447	369.552510	0.003041	6.8
497	-0.598134	118.753424	366.908252	0.002738	7.7
498	-0.609229	117.987753	368.929516	0.003123	6.4
499	-0.582811	117.142978	371.185603	0.002815	6.6
500	-0.590845	118.142978	368.517947	0.003296	6.9
501	-0.593163	118.116604	368.587812	0.003011	6.9
502	-0.604659	119.116604	365.957233	0.002412	7.1
503	-0.630127	120.116232	363.364892	0.003432	5.9
504	-0.587237	119.271420	365.553329	0.002701	7.0
505	-0.577251	120.234681	363.060149	0.002874	7.2
506	-0.605907	121.234681	360.507606	0.002939	6.5
507	-0.589863	120.389869	362.661660	0.002928	6.5
508	-0.582835	119.545056	364.841609	0.003658	7.3
509	-0.608293	120.533536	362.293533	0.002904	6.9
510	-0.594234	121.533536	359.751720	0.002857	6.6
511	-0.626106	120.688723	361.896723	0.002995	6.8
512	-0.608142	121.681581	359.378445	0.003276	6.1
513	-0.615199	122.681581	356.877230	0.002856	7.0
514	-0.619808	123.681556	354.410652	0.002895	6.4
515	-0.592477	122.836743	356.492252	0.002769	6.9
516	-0.594599	123.836743	354.030914	0.003046	6.9
517	-0.613309	122.991931	356.108042	0.003185	6.3
518	-0.600635	122.147118	358.209688	0.002654	7.0
519	-0.588383	121.378836	360.142603	0.002984	6.3
520	-0.587895	122.378836	357.630778	0.002811	6.9
521	-0.624103	121.534024	359.750488	0.002800	6.4
522	-0.612740	122.529862	357.254469	0.002433	6.2
523	-0.618293	121.685049	359.369708	0.003293	6.3
524	-0.610990	120.840237	361.510145	0.003047	6.1
525	-0.643580	119.995425	363.676231	0.002890	5.9
526	-0.619513	119.150612	365.868431	0.003000	6.1
527	-0.584720	118.306651	368.084971	0.002978	6.1
528	-0.608285	117.462980	370.327756	0.002983	6.0
529	-0.595359	116.618167	372.601129	0.002874	6.0
530	-0.588972	117.618163	369.913173	0.003093	6.0
531	-0.612027	116.773350	372.181444	0.003056	6.2
532	-0.604781	115.928538	374.477704	0.002919	6.0
533	-0.597407	116.920271	371.784976	0.002986	5.9
534	-0.564638	116.075458	374.076332	0.003276	5.8
535	-0.613012	115.230672	376.396034	0.003363	5.8
536	-0.603614	116.230672	373.653236	0.003119	6.0
537	-0.618608	115.385859	375.967750	0.003241	5.7
538	-0.601562	116.385859	373.231167	0.002878	6.2
539	-0.639910	115.541047	375.540439	0.002818	5.8
540	-0.583304	116.541047	372.810051	0.002892	5.9
541	-0.567307	115.696473	375.113442	0.002566	6.0
542	-0.619601	114.851661	377.446137	0.002900	5.8
543	-0.614170	114.006848	379.808026	0.003434	5.8
544	-0.610970	115.004747	377.021284	0.002925	6.3
545	-0.592631	116.004747	374.269400	0.003309	6.0
546	-0.592646	117.004623	371.557732	0.002835	5.8
547	-0.617137	116.159810	373.846279	0.003424	6.0
548	-0.593317	117.159810	371.140381	0.002840	5.8
549	-0.596010	118.159810	368.473373	0.002689	6.0
550	-0.576716	117.315068	370.723778	0.002980	6.0
551	-0.596353	118.315068	368.062732	0.003005	6.0
552	-0.593631	119.315068	365.439616	0.002829	6.1
553	-0.616051	120.315068	362.853624	0.002747	6.5
554	-0.579796	121.315068	360.303974	0.002845	6.3
555	-0.595862	122.315068	357.789905	0.002546	6.8
556	-0.587230	123.315066	355.310682	0.002859	6.5
557	-0.610074	124.315066	352.865576	0.002996	6.5
558	-0.579515	125.313523	350.457589	0.002622	8.6
559	-0.577416	126.311444	348.083511	0.002999	6.5
560	-0.584926	127.311444	345.736534	0.003652	6.8
561	-0.594206	126.466631	347.717203	0.003324	6.7
562	-0.589324	127.466631	345.375147	0.003114	6.6
563	-0.606279	126.621819	347.351664	0.003244	6.6
564	-0.600845	127.327142	345.699944	0.003371	6.3
565	-0.605632	128.327142	343.384893	0.002957	6.4
566	-0.591895	129.327140	341.100646	0.003325	9.0
567	-0.576899	130.327140	338.846585	0.003076	6.7
568	-0.597699	131.327138	336.622122	0.002644	6.5
569	-0.609615	130.482327	338.499452	0.002695	6.9
570	-0.589016	129.637520	340.397827	0.002975	6.5
571	-0.615693	128.792714	342.317615	0.002219	6.6
572	-0.609957	127.948640	344.257488	0.002986	6.4
573	-0.572874	128.948640	341.961652	0.002822	6.4
574	-0.583660	128.103827	343.899185	0.002765	6.5
575	-0.581900	127.259015	345.858798	0.003099	8.4
576	-0.607579	128.137845	343.820743	0.002881	6.3
577	-0.601051	129.117124	341.577850	0.002711	6.5
578	-0.614036	130.109386	339.334875	0.004032	6.7
579	-0.594953	131.109331	337.104135	0.002833	6.0
580	-0.602522	132.109331	334.902413	0.003122	6.0
581	-0.606015	133.109331	332.729265	0.002776	6.1
582	-0.586830	134.109150	330.584525	0.003194	5.8
583	-0.599993	133.266915	332.389383	0.002602	6.2
584	-0.600448	132.422422	334.218974	0.003014	6.1
585	-0.611015	133.422422	332.054658	0.003086	6.1
586	-0.576198	134.195293	330.401029	0.002822	6.1
587	-0.616127	133.350481	332.209426	0.002819	6.1
588	-0.568319	134.350481	330.070975	0.002782	6.1
589	-0.611916	134.606879	329.527107	0.003061	6.1
590	-0.615518	135.606754	327.423200	0.003496	5.9
591	-0.595819	136.606754	325.345730	0.002852	6.2
592	-0.577372	137.606753	323.294461	0.002566	6.2
593	-0.598052	136.761940	325.025697	0.002867	6.3
594	-0.613554	137.761940	322.978445	0.002995	5.9
595	-0.596849	138.761204	320.958302	0.002833	7.3
596	-0.593354	139.761204	318.961811	0.002973	6.1
597	-0.605572	138.916391	320.646834	0.003289	6.1
598	-0.612251	138.071579	322.349756	0.002652	6.2
599	-0.604080	137.226766	324.070862	0.002916	5.9
600	-0.597737	136.381954	325.810446	0.002925	5.8
601	-0.580735	135.869895	326.873964	0.002842	6.0
602	-0.602620	135.025083	328.643854	0.003208	6.2
603	-0.596489	136.025069	326.550944	0.002937	6.4
604	-0.585051	135.181518	328.314677	0.002955	6.1
605	-0.609024	134.336705	330.100245	0.002991	6.4
606	-0.585905	133.491893	331.905342	0.002877	6.6
607	-0.588001	132.647080	333.730289	0.003082	6.5
608	-0.592630	131.802268	335.575416	0.002996	6.8
609	-0.595409	130.957456	337.441058	0.003415	7.0
610	-0.605883	131.957455	335.234949	0.003093	6.4
611	-0.589344	131.253291	336.785395	0.002843	6.7
612	-0.585653	130.408478	338.664553	0.003012	6.0
613	-0.618617	129.563666	340.564799	0.002887	5.5
614	-0.565508	128.931232	342.001356	0.002917	5.9
615	-0.606696	128.321752	343.397287	0.003063	6.1
616	-0.595910	129.319574	341.117815	0.003184	5.7
617	-0.597182	128.474761	343.045770	0.003147	6.1
618	-0.610815	129.474757	340.766024	0.002809	5.9
619	-0.584725	130.474757	338.516369	0.002845	5.8
620	-0.612525	131.474757	336.296222	0.003401	7.2
621	-0.587230	130.629944	338.169910	0.003090	5.4
622	-0.614454	131.629944	335.954290	0.002983	5.8
623	-0.586554	130.785132	337.824160	0.002756	5.3
624	-0.602184	131.251903	336.788464	0.003180	5.8
625	-0.615497	130.407654	338.666396	0.002927	5.4
626	-0.594317	131.404309	336.451671	0.003087	5.8
627	-0.591912	130.579928	338.281494	0.002949	5.8
628	-0.588864	129.738062	340.170783	0.002743	6.1
629	-0.597030	130.738062	337.928954	0.002766	6.2
630	-0.604250	131.738062	335.716480	0.002595	5.8
631	-0.585158	130.893391	337.583382	0.003585	6.3
632	-0.599638	130.048578	339.471481	0.003153	6.1
633	-0.576416	129.203766	341.380819	0.002825	6.3
634	-0.581276	130.203766	339.123066	0.002791	6.3
635	-0.579415	129.359573	341.027069	0.003175	6.0
636	-0.590187	130.359573	338.773977	0.002923	6.6
637	-0.606426	131.359573	336.550461	0.002791	6.6
638	-0.591399	130.514762	338.426989	0.002805	6.1
639	-0.599911	129.669949	340.324563	0.003179	6.7
640	-0.599199	130.669944	338.080724	0.002942	6.1
641	-0.608750	131.669944	335.866269	0.003651	6.2
642	-0.607950	132.669944	333.680635	0.002902	6.2
643	-0.613851	132.343879	334.390162	0.002726	6.8
644	-0.586956	131.499067	336.242613	0.002558	5.7
645	-0.582417	132.480465	334.092581	0.003079	6.0
646	-0.611555	132.466320	334.123373	0.003004	6.2
647	-0.594024	131.621508	335.972861	0.002862	5.7
648	-0.604619	132.621504	333.785851	0.003039	5.7
649	-0.605175	131.776697	335.631583	0.002808	5.7
650	-0.605691	131.858665	335.451605	0.002985	5.8
651	-0.616209	132.858665	333.271347	0.003107	5.8
652	-0.621624	132.061796	335.006422	0.003382	6.0
653	-0.626308	131.216983	336.865726	0.003175	6.0
654	-0.588801	130.372171	338.745783	0.003155	6.4
655	-0.602209	129.527363	340.646934	0.003759	6.0
656	-0.600526	130.527362	338.398846	0.002639	5.8
657	-0.575353	131.525695	336.183911	0.003066	6.0
658	-0.600562	132.524440	333.996883	0.002643	6.0
659	-0.590866	133.524440	331.835434	0.003211	5.9
660	-0.581260	134.524440	329.701780	0.002771	5.9
661	-0.584787	135.524440	327.595388	0.003198	5.9
662	-0.594538	136.524440	325.515740	0.002644	5.9
663	-0.606760	137.059795	324.413204	0.003159	6.4
664	-0.599449	136.215302	326.155813	0.002843	5.4
665	-0.601319	137.215143	324.094670	0.002623	5.3
666	-0.617196	136.405149	325.762435	0.002686	5.9
667	-0.603076	137.396913	323.722752	0.002745	5.6
668	-0.596501	136.552100	325.458591	0.003145	5.8
669	-0.583481	135.707288	327.213145	0.002823	6.0
670	-0.610086	136.707288	325.138332	0.003048	5.8
671	-0.593372	137.707266	323.089710	0.002995	5.9
672	-0.588919	138.707265	321.066701	0.003015	6.2
673	-0.584808	139.707265	319.068865	0.003411	6.0
674	-0.578771	140.707260	317.095748	0.002814	6.2
675	-0.622270	139.862448	318.761062	0.003021	6.1
676	-0.598406	140.862448	316.791729	0.003141	6.1
677	-0.626262	140.794787	316.924207	0.002378	5.8
678	-0.602846	139.949979	318.587706	0.003112	6.1
679	-0.614664	140.949979	316.620508	0.002266	6.0
680	-0.632512	140.105292	318.280573	0.003818	6.3
681	-0.584422	139.260479	319.958387	0.002789	6.5
682	-0.595547	140.260479	317.974278	0.002988	6.3
683	-0.583181	141.260479	316.014625	0.002826	6.1
684	-0.587820	140.415667	317.668573	0.002873	6.0
685	-0.594771	139.570879	319.339876	0.003074	6.2
686	-0.615521	140.569690	317.365741	0.002799	6.0
687	-0.581241	141.512425	315.524703	0.002581	5.9
688	-0.621563	142.512425	313.595035	0.003210	6.1
689	-0.596992	143.512425	311.688826	0.002948	6.0
690	-0.590881	144.512425	309.805651	0.003003	8.2
691	-0.601711	143.667612	311.395082	0.002773	5.8
692	-0.591928	142.823212	313.000118	0.002725	5.9
693	-0.597515	143.823212	311.101113	0.003262	5.8
694	-0.596069	144.823212	309.225012	0.003132	5.8
695	-0.595485	143.978399	310.808474	0.002945	5.8
696	-0.598691	144.978306	308.936064	0.003349	5.9
697	-0.610272	145.420204	308.115742	0.002970	6.0
698	-0.602792	146.420204	306.275368	0.003388	6.1
699	-0.593734	147.420204	304.456849	0.002881	6.4
700	-0.600926	147.008455	305.203001	0.002591	6.0
701	-0.602196	146.251487	306.584327	0.002701	6.0
702	-0.615434	147.222012	304.815546	0.003091	6.2
703	-0.585669	148.222012	303.014270	0.002941	6.6
704	-0.587779	149.222012	301.234159	0.003023	7.2
705	-0.615816	150.222012	299.474840	0.002893	5.9
706	-0.598952	151.222012	297.735951	0.003192	6.1
707	-0.587973	152.222012	296.017140	0.002516	5.9
708	-0.583784	153.222012	294.318060	0.002917	6.0
709	-0.588862	154.222006	292.638383	0.002908	6.3
710	-0.610098	153.378462	294.054002	0.003342	5.7
711	-0.617233	152.533650	295.485542	0.003288	5.9
712	-0.587247	151.688837	296.931090	0.002914	6.1
713	-0.597033	152.688837	295.221532	0.003071	5.8
714	-0.609181	151.844025	296.664491	0.002941	5.9
715	-0.601927	152.844025	294.957993	0.002637	5.8
716	-0.594464	151.999212	296.398371	0.003122	6.3
717	-0.615131	152.999204	294.694937	0.002495	6.9
718	-0.602754	153.999204	293.010959	0.002798	8.3
719	-0.599609	153.970917	293.058329	0.002887	7.8
720	-0.596143	153.126104	294.480169	0.002719	6.6
721	-0.576717	152.281292	295.915872	0.002852	6.5
722	-0.604056	153.281289	294.217955	0.003040	6.5
723	-0.616718	152.436477	295.651097	0.003291	7.1
724	-0.580268	153.436476	293.956205	0.003325	8.0
725	-0.596709	154.436476	292.280634	0.003175	9.7
726	-0.616341	155.436421	290.624148	0.002637	6.8
727	-0.596394	156.425084	289.004707	0.002948	9.0
728	-0.577612	157.425084	287.384953	0.002846	6.5
729	-0.626053	158.425084	285.783255	0.002947	6.1
730	-0.578461	159.425084	284.199310	0.003493	6.9
731	-0.613220	160.425084	282.632827	0.003504	6.9
732	-0.610275	161.425084	281.083518	0.002825	6.7
733	-0.607767	162.425084	279.551103	0.003267	6.8
734	-0.611052	161.580272	280.844606	0.002830	5.9
735	-0.606242	162.580271	279.314789	0.003168	6.9
736	-0.609849	161.757112	280.572855	0.002550	5.9
737	-0.592041	162.716738	279.107310	0.002770	5.9
738	-0.614864	161.871926	280.396701	0.002962	6.2
739	-0.600768	161.027113	281.698060	0.002430	5.9
740	-0.611266	162.027113	280.158954	0.003118	7.1
741	-0.595114	161.182344	281.458036	0.002774	6.0
742	-0.595295	162.182344	279.921545	0.002801	6.0
743	-0.612341	161.337531	281.218487	0.002914	5.9
744	-0.590409	162.337531	279.684603	0.003964	5.8
745	-0.605616	161.492747	280.979302	0.002682	5.8
746	-0.589958	160.647934	282.286087	0.002818	5.8
747	-0.610931	159.803292	283.604817	0.003076	6.1
748	-0.604612	158.958479	284.936196	0.002890	6.3
749	-0.611270	158.113668	286.280132	0.002563	5.9
750	-0.590537	157.268856	287.636808	0.003196	6.0
751	-0.627930	158.268856	286.032308	0.002700	6.0
752	-0.601732	159.268856	284.445610	0.002877	6.0
753	-0.584753	160.268856	282.876418	0.002879	6.2
754	-0.625150	161.268856	281.324445	0.002826	5.9
755	-0.589921	162.268855	279.789408	0.002888	5.9
756	-0.584507	161.424044	281.085122	0.002708	5.9
757	-0.584014	162.422085	279.555673	0.003184	6.1
758	-0.612032	163.420058	278.042883	0.002983	6.0
759	-0.595088	162.575245	279.322435	0.002957	5.8
760	-0.613878	161.730433	280.613818	0.003297	5.9
761	-0.599113	160.944532	281.825917	0.002507	5.7
762	-0.580402	160.099719	283.140608	0.003489	5.5
763	-0.577910	159.255750	284.466291	0.003521	7.3
764	-0.608683	160.255750	282.896871	0.003321	6.2
765	-0.612450	161.255750	281.344674	0.002950	6.2
766	-0.591912	162.255750	279.809417	0.002463	6.3
767	-0.615822	163.225098	278.337127	0.002919	5.9
768	-0.595218	164.225098	276.834431	0.002808	6.3
769	-0.615591	163.386850	278.092958	0.003310	5.7
770	-0.593856	162.542039	279.372969	0.002720	6.2
771	-0.589088	163.542039	277.859098	0.002793	6.0
772	-0.603505	162.697228	279.136953	0.003225	5.7
773	-0.602382	161.852416	280.426618	0.003046	6.0
774	-0.603938	162.852416	278.901337	0.002602	6.4
775	-0.607673	162.007603	280.188821	0.003021	5.9
776	-0.602123	161.162963	281.487981	0.002818	5.9
777	-0.599248	162.162189	279.952346	0.003523	6.0
778	-0.607220	163.139628	278.466320	0.003552	5.9
779	-0.618297	162.294815	279.749782	0.002622	5.9
780	-0.612324	163.294815	278.231835	0.002924	5.9
781	-0.608687	162.450166	279.512882	0.003150	5.8
782	-0.611549	163.450163	277.997502	0.002873	6.3
783	-0.602652	164.441230	276.511780	0.003581	6.5
784	-0.584328	165.441230	275.028675	0.002996	5.9
785	-0.609941	164.602198	276.271968	0.003459	5.9
786	-0.598968	165.601375	274.792641	0.002853	6.1
787	-0.602493	166.600720	273.328827	0.003164	5.9
788	-0.605761	167.514440	272.004015	0.003056	5.8
789	-0.594383	168.514440	270.568747	0.003067	5.8
790	-0.612374	169.483806	269.191832	0.003061	6.1
791	-0.597004	168.639002	270.391028	0.003406	6.1
792	-0.594249	167.871802	271.489359	0.002705	6.3
793	-0.597625	167.027014	272.709136	0.002929	7.4
794	-0.596406	168.026960	271.266514	0.002773	6.6
795	-0.629308	169.026960	269.838998	0.003582	6.6
796	-0.613742	168.182149	271.043990	0.002998	6.6
797	-0.609589	167.541947	271.964332	0.003332	7.0
798	-0.586418	168.541947	270.529481	0.002897	6.5
799	-0.599874	167.697134	271.740664	0.002595	6.7
800	-0.599001	166.852322	272.962741	0.002928	8.1
801	-0.604106	166.007509	274.195858	0.003325	6.2
802	-0.580891	165.162697	275.440168	0.002815	7.6
803	-0.569232	164.317884	276.695823	0.002772	6.7
804	-0.584471	165.317884	275.210749	0.002477	6.2
805	-0.586481	164.473072	276.464308	0.003529	8.2
806	-0.600069	163.628276	277.729315	0.002830	6.8
807	-0.602321	164.628275	276.233157	0.003141	6.6
808	-0.607991	165.628275	274.753032	0.002908	6.9
809	-0.606123	164.797889	275.980986	0.002741	6.5
810	-0.596483	165.797889	274.503555	0.003346	6.7
811	-0.597851	164.989539	275.696606	0.003050	6.6
812	-0.576652	165.989511	274.222251	0.002352	5.9
813	-0.598394	165.144698	275.466801	0.004390	6.1
814	-0.594287	166.144698	273.994855	0.002359	6.6
815	-0.610300	167.144694	272.538563	0.002790	5.9
816	-0.609830	168.144662	271.097709	0.003364	6.3
817	-0.600778	167.299850	272.313996	0.002847	5.9
818	-0.581128	168.299846	270.875468	0.002785	5.9
819	-0.564696	169.299846	269.452054	0.003570	5.9
820	-0.602579	170.299846	268.043522	0.002941	5.5
821	-0.599219	169.455034	269.232498	0.002827	5.8
822	-0.574577	170.455034	267.826254	0.003249	5.7
823	-0.597639	169.610221	269.013299	0.002897	5.8
824	-0.579468	168.765409	270.210914	0.003075	6.1
825	-0.581058	167.920598	271.419238	0.002918	6.4
826	-0.605682	168.920598	269.990118	0.003131	6.0
827	-0.603209	169.862808	268.657289	0.002969	6.0
828	-0.597893	169.106524	269.726064	0.002843	6.0
829	-0.591741	168.261712	270.930047	0.002751	5.9
830	-0.592440	169.261712	269.506062	0.003175	6.0
831	-0.596302	168.530739	270.545479	0.002828	5.9
832	-0.594388	169.530739	269.125521	0.003079	6.0
833	-0.592952	170.530739	267.720392	0.002812	6.2
834	-0.621201	169.688594	268.902736	0.003385	6.0
835	-0.599983	170.688594	267.499926	0.002936	6.3
836	-0.571863	171.688563	266.111718	0.002880	5.8
837	-0.604442	172.688563	264.737803	0.002820	5.9
838	-0.610640	173.688555	263.378012	0.003830	6.1
839	-0.604020	172.843742	264.525870	0.003218	6.0
840	-0.601283	171.998930	265.683776	0.002866	6.3
841	-0.607966	171.154180	266.851778	0.002829	6.5
842	-0.608024	172.154179	265.470231	0.003169	6.8
843	-0.602815	171.309367	266.636438	0.002757	7.4
844	-0.610445	170.464555	267.812935	0.003080	6.0
845	-0.632218	171.464555	266.421443	0.003230	6.7
846	-0.595495	170.619743	267.596041	0.002916	6.2
847	-0.595865	170.427025	267.865441	0.002915	6.3
848	-0.601832	169.582213	269.052835	0.002764	6.0
849	-0.572590	168.737455	270.250723	0.002978	6.4
850	-0.622448	167.978034	271.336745	0.003174	6.6
851	-0.617543	168.978034	269.908491	0.003225	6.0
852	-0.603650	169.978034	268.495195	0.002837	5.8
853	-0.616381	170.977822	267.096918	0.002977	5.9
854	-0.599386	170.226317	268.146589	0.003143	6.0
855	-0.575833	171.226317	266.751637	0.002532	6.1
856	-0.607640	172.226306	265.371138	0.002941	6.2
857	-0.582155	171.381493	266.536472	0.002845	6.6
858	-0.587071	172.381491	265.158181	0.002727	6.5
859	-0.602400	171.536719	266.321587	0.002957	6.1
860	-0.620897	172.536719	264.945509	0.002847	5.9
861	-0.592247	173.519127	263.607416	0.002856	6.4
862	-0.614182	174.518756	262.259671	0.003266	6.1
863	-0.605639	173.673943	263.397780	0.002743	5.9
864	-0.614360	172.829131	264.545811	0.002854	6.0
865	-0.600712	173.829131	263.187976	0.002646	6.4
866	-0.596990	172.984684	264.333676	0.003226	6.2
867	-0.617448	173.984684	262.978012	0.003049	6.3
868	-0.596048	173.139871	264.122378	0.002996	5.9
869	-0.597771	174.139871	262.768875	0.003441	6.0
870	-0.589671	173.295059	263.911418	0.002848	5.9
871	-0.592332	172.450381	265.063756	0.002806	6.6
872	-0.598400	171.605568	266.226387	0.002827	5.9
873	-0.620573	171.502982	266.368261	0.002993	6.1
874	-0.579762	172.502982	264.991702	0.003229	6.1
875	-0.602465	171.658169	266.153700	0.002965	6.4
876	-0.616360	172.157095	265.466223	0.002710	6.2
877	-0.600314	171.312283	266.632394	0.003010	6.0
878	-0.604889	170.467474	267.808852	0.003047	6.1
879	-0.602247	169.623998	268.993857	0.003209	6.0
880	-0.606411	170.623998	267.590099	0.002786	5.9
881	-0.605551	169.779186	268.775046	0.004140	6.0
882	-0.581024	169.851885	268.672665	0.003524	5.9
883	-0.616512	169.007072	269.867242	0.003226	6.5
884	-0.576102	168.162260	271.072489	0.003168	6.2
885	-0.622460	169.162260	269.647009	0.002988	5.9
886	-0.602005	170.160107	268.239464	0.003116	5.9
887	-0.567758	169.315294	269.430183	0.002745	6.1
888	-0.589894	168.473106	270.627773	0.002651	5.9
889	-0.596558	167.628296	271.839833	0.002834	6.0
890	-0.603063	168.628296	270.406293	0.002853	6.2
891	-0.618215	169.627895	268.988358	0.003068	6.3
892	-0.572810	170.627255	267.585551	0.002922	5.9
893	-0.587178	169.782443	268.770458	0.002748	6.6
894	-0.605095	168.937631	269.965906	0.003360	6.5
895	-0.584691	168.092818	271.172036	0.002744	7.1
896	-0.618959	169.092818	269.745512	0.003651	6.7
897	-0.612128	170.092818	268.333918	0.003296	6.3
898	-0.586705	171.092818	266.937021	0.002862	6.1
899	-0.610180	172.092818	265.554592	0.002953	5.9
900	-0.583083	171.274875	266.684270	0.002676	6.0
901	-0.612560	172.274875	265.304451	0.002649	6.1
902	-0.605702	173.274875	263.938837	0.003104	6.2
903	-0.619207	174.249816	262.620911	0.003981	6.6
904	-0.605602	173.405004	263.762165	0.002689	6.4
905	-0.620827	174.405004	262.412342	0.002890	6.2
906	-0.578129	173.560191	263.551779	0.003002	6.3
907	-0.581889	172.715379	264.701156	0.003160	6.4
908	-0.579276	173.715349	263.341770	0.003115	6.5
909	-0.620620	174.445778	262.357597	0.003339	6.5
910	-0.584748	173.600965	263.496558	0.002521	6.6
911	-0.587275	174.600965	262.149446	0.003140	6.5
912	-0.596586	175.600964	260.816038	0.003535	6.3
913	-0.604534	174.756152	261.941625	0.003128	6.2
914	-0.603882	175.756151	260.610325	0.002934	6.4
915	-0.588777	176.756151	259.292488	0.003462	6.5
916	-0.619349	175.911339	260.404936	0.004086	6.5
917	-0.631932	176.911339	259.089170	0.003683	6.7
918	-0.596780	177.911339	257.786634	0.003252	6.7
919	-0.589950	177.275730	258.613017	0.003236	6.3
920	-0.603416	176.430917	259.719629	0.003186	6.4
921	-0.598556	177.430917	258.410762	0.003081	6.4
922	-0.595194	176.586105	259.515641	0.003043	6.2
923	-0.596880	177.586104	258.208825	0.002488	6.4
924	-0.605214	178.585749	256.915560	0.002646	6.2
925	-0.577634	177.810804	257.916992	0.002949	6.8
926	-0.594060	178.808581	256.629041	0.002940	6.4
927	-0.589177	179.808581	255.351063	0.002597	6.1
928	-0.620179	180.808579	254.085752	0.003135	6.0
929	-0.593970	181.808554	252.832947	0.002852	6.4
930	-0.590861	180.963742	253.890545	0.002870	6.8
931	-0.609755	180.118929	254.957028	0.003247	6.2
932	-0.614623	181.118929	253.695607	0.002860	6.4
933	-0.599896	182.118929	252.446607	0.003336	6.6
934	-0.604096	183.118929	251.209845	0.002810	6.5
935	-0.630626	182.274117	252.253879	0.003050	6.3
936	-0.593827	181.429304	253.306628	0.003279	6.3
937	-0.604788	182.429304	252.061446	0.003254	6.4
938	-0.602762	183.429304	250.828445	0.002546	6.3
939	-0.591859	182.586625	251.866667	0.002996	6.4
940	-0.616378	181.741813	252.916178	0.002826	6.3
941	-0.608779	181.727302	252.934282	0.003057	6.8
942	-0.586948	180.882508	253.992707	0.003191	6.1
943	-0.590892	180.056716	255.035920	0.002856	6.1
944	-0.611381	180.109034	254.969573	0.002833	6.2
945	-0.593994	181.109034	253.708028	0.003111	6.6
946	-0.609757	182.109034	252.458906	0.002688	6.9
947	-0.600243	181.271120	253.504724	0.003198	6.3
948	-0.576938	180.426308	254.567961	0.002699	6.3
949	-0.599699	181.426308	253.310378	0.003237	6.7
950	-0.607618	182.426308	252.065159	0.002761	6.3
951	-0.575116	183.426293	250.832141	0.002477	6.6
952	-0.578867	184.406941	249.634624	0.003113	6.4
953	-0.586589	185.406941	248.425195	0.003373	6.3
954	-0.611269	186.406941	247.227428	0.002931	6.3
955	-0.582086	185.562128	248.238557	0.002774	6.4
956	-0.607817	186.562128	247.042584	0.002539	6.3
957	-0.598945	187.425024	246.019809	0.002500	6.7
958	-0.597295	188.425020	244.845074	0.003385	6.6
959	-0.619217	189.425020	243.681500	0.003009	6.5
960	-0.566307	188.580208	244.663774	0.003587	6.3
961	-0.608249	187.739820	245.648792	0.003908	7.0
962	-0.599640	186.895007	246.647022	0.002897	7.1
963	-0.602182	187.895007	245.466300	0.003624	6.3
964	-0.593509	188.894988	244.296851	0.002546	6.2
965	-0.614033	189.694420	243.369922	0.003095	6.6
966	-0.585020	190.694418	242.220295	0.003302	6.3
967	-0.618185	191.694418	241.081477	0.002852	6.5
968	-0.606177	190.849606	242.042860	0.003314	6.2
969	-0.593834	190.004793	243.011942	0.002811	6.5
970	-0.612108	191.004793	241.865685	0.002658	6.7
971	-0.615929	192.004790	240.730195	0.003006	6.3
972	-0.611171	193.004790	239.605313	0.002590	6.2
973	-0.593730	192.159977	240.554936	0.003366	6.6
974	-0.587740	191.315177	241.512101	0.002668	6.2
975	-0.593144	192.260214	240.441869	0.003274	5.9
976	-0.586059	193.259014	239.321014	0.002635	5.9
977	-0.603949	192.414202	240.268380	0.003178	6.4
978	-0.597314	191.569389	241.223277	0.002948	6.6
979	-0.587077	190.731055	242.178383	0.002779	6.1
980	-0.600372	191.731055	241.039958	0.002659	7.3
981	-0.571065	192.731055	239.912186	0.003151	6.2
982	-0.587388	193.731055	238.794917	0.002883	6.4
983	-0.598702	192.886243	239.738115	0.002561	6.2
984	-0.601190	193.886243	238.622463	0.003794	6.5
985	-0.584400	194.439617	238.009542	0.003058	6.3
986	-0.592559	195.439612	236.909889	0.003180	6.6
987	-0.623169	195.607656	236.726095	0.002952	6.1
988	-0.613138	196.607621	235.638276	0.003292	6.1
989	-0.624287	197.607621	234.560371	0.003320	6.6
990	-0.589095	196.762810	235.470348	0.002834	6.1
991	-0.594838	197.760885	234.396037	0.003600	6.7
992	-0.589340	198.760885	233.329441	0.002833	6.5
993	-0.587284	199.760885	232.272508	0.002863	6.2
994	-0.577983	198.916073	233.164788	0.003152	6.9
995	-0.573813	199.916073	232.109343	0.002961	6.5
996	-0.588100	200.916073	231.063410	0.003019	6.2
997	-0.621454	201.916073	230.026862	0.002718	6.5
998	-0.628950	201.079578	230.893291	0.002968	6.4
999	-0.609187	200.234766	231.774985	0.003082	6.3
1000	-0.592532	199.389953	232.663440	0.003006	6.7
1001	-0.602309	198.557127	233.545981	0.002889	6.1
1002	-0.599590	199.557127	232.487090	0.002949	6.2
1003	-0.598216	200.557127	231.437758	0.002697	6.2
1004	-0.599305	199.712413	232.323519	0.002837	6.4
1005	-0.601734	198.873505	233.209930	0.002875	6.6
1006	-0.584680	199.872705	232.154918	0.002964	6.3
1007	-0.610239	199.028347	233.045811	0.002740	6.2
1008	-0.605019	200.028347	231.991440	0.002922	6.4
1009	-0.596144	201.027510	230.947438	0.002788	6.3
1010	-0.601734	200.182736	231.829507	0.002895	6.5
1011	-0.597382	201.182731	230.786093	0.002784	6.8
1012	-0.599449	202.182731	229.752026	0.002589	9.9
1013	-0.587624	203.182731	228.727183	0.002956	7.5
1014	-0.592549	202.337944	229.592355	0.003291	6.6
1015	-0.606338	201.493132	230.464123	0.002886	6.3
1016	-0.573678	200.683101	231.306240	0.003163	6.4
1017	-0.586152	201.683101	230.267517	0.002558	6.5
1018	-0.576882	200.838288	231.144430	0.003234	7.0
1019	-0.620801	199.993560	232.027958	0.002944	7.7
1020	-0.598493	200.993560	230.982757	0.003029	6.7
1021	-0.602311	201.993533	229.946958	0.002962	6.7
1022	-0.601965	202.993533	228.920379	0.002748	6.5
1023	-0.594912	203.993533	227.902926	0.002822	6.3
1024	-0.598966	204.875209	227.013335	0.003254	6.9
1025	-0.604388	205.875209	226.012726	0.003414	6.5
1026	-0.598504	205.037817	226.850025	0.002726	7.0
1027	-0.622009	204.193018	227.701041	0.003663	7.5
1028	-0.603679	203.348206	228.558479	0.003200	6.3
1029	-0.586502	202.503393	229.422399	0.003089	6.6
1030	-0.609606	201.658581	230.292874	0.003028	6.3
1031	-0.606990	201.301587	230.662701	0.003214	6.1
1032	-0.620303	202.301582	229.629742	0.003313	6.2
1033	-0.613047	201.456770	230.501794	0.002921	6.8
1034	-0.615101	200.611957	231.380496	0.002520	9.8
1035	-0.599867	201.611303	230.341784	0.002730	8.2
1036	-0.609788	200.766491	231.219263	0.002578	9.5
1037	-0.598326	199.921679	232.103453	0.002700	6.7
1038	-0.623089	200.921679	231.057573	0.002989	7.0
1039	-0.615558	200.076880	231.940511	0.003009	6.7
1040	-0.580522	199.232068	232.830237	0.002772	9.6
1041	-0.590212	198.387255	233.726815	0.002949	7.0
1042	-0.596714	199.387255	232.666288	0.002738	7.0
1043	-0.593543	200.387154	231.615446	0.002921	7.1
1044	-0.586789	201.387154	230.573950	0.002746	7.2
1045	-0.607144	200.542341	231.453203	0.003160	7.3
1046	-0.620266	199.697529	232.339187	0.003220	6.9
1047	-0.591899	198.852717	233.231981	0.002988	6.8
1048	-0.596542	199.852717	232.175928	0.003134	6.4
1049	-0.582943	200.850565	231.131639	0.002645	7.7
1050	-0.596984	200.005752	232.015158	0.003129	6.9
1051	-0.609603	199.162254	232.904067	0.002451	7.0
1052	-0.571958	200.162254	231.850976	0.002478	6.9
1053	-0.619926	201.162254	230.807365	0.002845	7.5
1054	-0.613747	202.159717	229.775720	0.003147	7.0
1055	-0.603615	201.322720	230.640775	0.003584	6.9
1056	-0.566337	200.541379	231.454209	0.002854	6.5
1057	-0.618289	199.696566	232.340201	0.002679	6.6
1058	-0.593573	200.696566	231.292191	0.002876	5.9
1059	-0.594856	199.887177	232.139707	0.002834	5.3
1060	-0.603087	199.042894	233.030405	0.003000	5.7
1061	-0.590531	198.198081	233.928528	0.002532	6.4
1062	-0.588035	197.353269	234.833602	0.002941	7.6
1063	-0.585640	198.353269	233.763029	0.002786	6.7
1064	-0.612383	197.508456	234.666820	0.002354	6.3
1065	-0.622829	196.663644	235.577626	0.002713	7.5
1066	-0.615050	197.663644	234.500275	0.003145	7.8
1067	-0.579569	198.663644	233.432732	0.003245	6.7
1068	-0.597361	197.818831	234.333966	0.003059	7.4
1069	-0.600135	198.818831	233.267934	0.002800	6.7
1070	-0.593036	197.974019	234.167893	0.002837	6.7
1071	-0.603778	198.974019	233.103368	0.002821	6.8
1072	-0.604749	198.129206	234.002055	0.003047	6.3
1073	-0.594948	199.129205	232.939035	0.003075	6.2
1074	-0.609320	198.284393	233.836453	0.002806	6.5
1075	-0.591666	197.439580	234.740813	0.002669	6.3
1076	-0.629289	198.254062	233.868800	0.005025	7.2
1077	-0.598035	197.409250	234.773411	0.002958	7.9
1078	-0.604782	198.409250	233.703386	0.002782	6.7
1079	-0.595279	199.409250	232.643070	0.002625	6.5
1080	-0.598601	198.564437	233.538205	0.003049	7.1
1081	-0.605322	199.564437	232.479384	0.002637	7.2
1082	-0.585212	198.720384	233.372451	0.002888	6.5
1083	-0.593214	198.325807	233.792299	0.002668	6.9
1084	-0.599809	197.507698	234.667635	0.003079	6.9
1085	-0.600382	196.662885	235.578447	0.002646	6.6
1086	-0.590202	195.818073	236.496358	0.003042	6.5
1087	-0.609482	194.996606	237.395788	0.002735	6.3
1088	-0.565565	195.996606	236.301781	0.003164	6.4
1089	-0.590418	196.996606	235.217811	0.003063	6.6
1090	-0.616722	197.996606	234.143741	0.003164	6.5
1091	-0.592365	198.996604	233.079436	0.002689	7.2
1092	-0.613753	199.996601	232.024766	0.003775	6.6
1093	-0.604914	200.994558	230.981719	0.003432	7.0
1094	-0.583432	201.994558	229.945901	0.003379	6.7
1095	-0.606485	202.994558	228.919332	0.002966	6.3
1096	-0.577989	203.994558	227.901888	0.003739	6.4
1097	-0.578678	203.149745	228.760842	0.003217	6.6
1098	-0.591194	202.304933	229.626296	0.002733	6.8
1099	-0.609172	201.460120	230.498323	0.002815	6.9
1100	-0.598859	200.812795	231.170995	0.003013	7.3
1101	-0.617364	199.972501	232.050071	0.003530	6.6
1102	-0.595348	199.127688	232.940640	0.003297	6.3
1103	-0.598956	198.282877	233.838070	0.002772	6.5
1104	-0.605646	199.274092	232.785817	0.002543	6.4
1105	-0.606248	200.137755	231.876663	0.002814	6.7
1106	-0.584525	201.137755	230.832821	0.002829	8.5
1107	-0.594681	200.292942	231.714053	0.002717	7.4
1108	-0.594210	199.448130	232.602039	0.002617	6.9
1109	-0.618862	200.448130	231.551671	0.003131	6.8
1110	-0.581594	201.448130	230.510747	0.002776	6.4
1111	-0.586971	202.448130	229.479140	0.003175	6.4
1112	-0.579996	201.603317	230.350047	0.002707	6.4
1113	-0.609674	202.603317	229.319874	0.004212	7.4
1114	-0.623200	203.603317	228.298875	0.003026	6.7
1115	-0.601539	204.322938	227.569750	0.003098	5.7
1116	-0.587080	203.559715	228.343203	0.003150	5.7
1117	-0.610612	204.544838	227.345857	0.003538	5.6
1118	-0.622882	205.544838	226.342321	0.002418	5.5
1119	-0.578823	204.700026	227.189538	0.002707	5.6
1120	-0.581396	203.855213	228.043121	0.002879	5.6
1121	-0.593585	204.855078	227.033570	0.003851	6.4
1122	-0.603081	204.011193	227.885040	0.003125	6.5
1123	-0.617849	205.011193	226.876749	0.003764	5.6
1124	-0.601157	204.166380	227.727978	0.003062	5.9
1125	-0.599030	203.321568	228.585619	0.003264	5.9
1126	-0.611090	204.320534	227.572177	0.003028	5.9
1127	-0.599866	205.155525	226.731956	0.002878	5.7
1128	-0.592733	206.155524	225.733822	0.003266	5.8
1129	-0.584282	205.458141	226.428974	0.002460	7.4
1130	-0.598717	204.613328	227.276841	0.002625	6.9
1131	-0.590992	205.611738	226.275501	0.002937	6.1
1132	-0.614982	204.838657	227.050077	0.003007	6.2
1133	-0.615540	205.764296	226.123272	0.003114	7.6
1134	-0.606573	204.919530	226.968800	0.003013	6.6
1135	-0.612692	204.074717	227.820722	0.002856	6.1
1136	-0.595428	203.229905	228.679063	0.003262	6.5
1137	-0.587169	204.229905	227.663749	0.002961	9.2
1138	-0.597006	205.229905	226.657411	0.003806	7.3
1139	-0.602633	204.385092	227.506993	0.002960	6.4
1140	-0.599652	203.540280	228.362967	0.002847	6.0
1141	-0.592861	202.695467	229.225407	0.002843	6.1
1142	-0.580823	203.695467	228.205247	0.002616	5.9
1143	-0.620583	202.850655	229.066493	0.005591	6.0
1144	-0.600875	203.850655	228.047744	0.003553	6.3
1145	-0.581723	203.005842	228.907800	0.002762	7.1
1146	-0.591229	204.005842	227.890458	0.003010	6.0
1147	-0.597516	203.169896	228.740279	0.002502	6.2
1148	-0.595585	204.169896	227.724423	0.003367	6.0
1149	-0.622323	203.325106	228.582014	0.002652	5.9
1150	-0.600845	204.316980	227.575767	0.002682	5.9
1151	-0.611502	203.472168	228.432260	0.002525	5.9
1152	-0.620582	202.911865	229.003875	0.003100	6.2
1153	-0.589083	202.963180	228.951404	0.003211	6.8
1154	-0.615223	202.118368	229.818302	0.002880	6.1
1155	-0.591494	203.118142	228.793101	0.002581	6.6
1156	-0.622946	202.273329	229.658799	0.002880	6.2
1157	-0.593690	203.273329	228.634786	0.002724	5.9
1158	-0.612401	202.428517	229.499284	0.003453	6.0
1159	-0.583261	201.583704	230.370344	0.002723	6.1
1160	-0.584298	201.070065	230.903182	0.002877	6.2
1161	-0.621675	202.069677	229.868467	0.003214	6.9
1162	-0.593921	201.275274	230.690007	0.002619	6.0
1163	-0.615742	202.275274	229.656798	0.002991	6.7
1164	-0.611537	203.141501	228.769256	0.002975	6.8
1165	-0.623273	204.141501	227.753143	0.003188	6.3
1166	-0.589618	205.141501	226.746017	0.002617	5.8
1167	-0.585836	206.141501	225.747758	0.002961	5.9
1168	-0.594594	205.296690	226.590519	0.002650	6.5
1169	-0.605220	204.451942	227.439533	0.002892	6.1
1170	-0.618771	204.123616	227.771237	0.003153	6.1
1171	-0.585813	205.123616	226.763951	0.002620	6.5
1172	-0.585060	206.123583	225.765567	0.003256	6.2
1173	-0.606683	205.278770	226.608464	0.003352	5.8
1174	-0.610481	206.278770	225.611413	0.002729	6.5
1175	-0.575397	205.433958	226.453157	0.002985	6.8
1176	-0.627898	206.433958	225.457469	0.002972	5.8
1177	-0.612705	205.589149	226.298059	0.002796	5.8
1178	-0.602401	206.589148	225.303733	0.002990	5.9
1179	-0.596360	207.589148	224.318105	0.002648	6.0
1180	-0.597152	207.847164	224.065195	0.002639	6.1
1181	-0.584859	208.845142	223.092314	0.002975	5.8
1182	-0.608483	208.000330	223.915331	0.003240	5.9
1183	-0.605294	207.155517	224.744443	0.002608	5.8
1184	-0.609887	206.310705	225.579717	0.003233	5.7
1185	-0.610866	207.310705	224.591679	0.002691	5.3
1186	-0.620290	208.301300	223.621430	0.002951	5.2
1187	-0.612446	207.456589	224.448263	0.002815	5.1
1188	-0.615207	206.611777	225.281333	0.003025	6.0
1189	-0.604401	205.771324	226.116264	0.003029	6.2
1190	-0.611585	206.771324	225.123530	0.002967	5.6
1191	-0.585585	207.697695	224.211637	0.003211	5.9
1192	-0.619031	206.852883	225.042948	0.002743	5.7
1193	-0.617450	206.040550	225.848134	0.002759	6.0
1194	-0.596616	206.849110	225.046675	0.002595	5.7
1195	-0.590887	206.005756	225.882750	0.002869	5.9
1196	-0.610380	205.758548	226.129004	0.003375	5.8
1197	-0.601414	206.758548	225.136159	0.003245	6.1
1198	-0.604799	207.758548	224.151994	0.002948	6.0
1199	-0.595481	208.758548	223.176395	0.003027	5.9
1200	-0.613493	209.758547	222.209253	0.002700	5.8
1201	-0.601196	210.758547	221.250457	0.002911	5.8
1202	-0.613853	209.913735	222.059916	0.002598	5.7
1203	-0.589827	210.913735	221.102405	0.003959	5.8
1204	-0.606964	211.913735	220.153116	0.002944	5.7
1205	-0.616329	212.913735	219.211944	0.002864	6.3
1206	-0.587306	212.068922	220.006529	0.002910	5.9
1207	-0.586062	213.068921	219.066608	0.002595	6.0
1208	-0.616291	212.224108	219.860138	0.002920	6.1
1209	-0.606664	213.224108	218.921464	0.002873	6.2
1210	-0.607054	212.389735	219.704112	0.002538	6.0
1211	-0.596986	211.544923	220.502275	0.002724	6.0
1212	-0.588003	210.700110	221.306259	0.004140	5.9
1213	-0.575252	211.700110	220.355223	0.002988	5.9
1214	-0.599608	210.855298	221.158132	0.002902	6.0
1215	-0.597299	211.855298	220.208366	0.003003	6.0
1216	-0.600490	212.855298	219.266722	0.003168	6.2
1217	-0.617531	213.855298	218.333097	0.002994	5.9
1218	-0.590777	214.855298	217.407390	0.003036	5.9
1219	-0.582650	214.010485	218.188923	0.002614	5.9
1220	-0.572141	213.165673	218.976095	0.002629	6.0
1221	-0.619824	212.320860	219.768968	0.002792	5.9
1222	-0.615609	211.476406	220.567263	0.002839	6.1
1223	-0.596692	210.631593	221.371722	0.002976	5.8
1224	-0.599357	209.786781	222.182070	0.003017	5.9
1225	-0.602336	209.542516	222.417476	0.002661	6.0
1226	-0.608527	210.542516	221.456886	0.003495	5.9
1227	-0.613623	209.697703	222.267859	0.002764	5.9
1228	-0.603355	208.852912	223.084773	0.002590	5.9
1229	-0.596880	209.852912	222.118422	0.003249	6.4
1230	-0.562588	210.852904	221.160415	0.002885	5.9
1231	-0.617661	211.852904	220.210629	0.002763	5.8
1232	-0.591786	212.852904	219.268966	0.002845	6.1
1233	-0.596010	212.185276	219.896751	0.002807	5.8
1234	-0.596349	211.340464	220.696317	0.002589	6.2
1235	-0.622531	212.340464	219.750504	0.002997	6.0
1236	-0.593080	211.495651	220.549005	0.002725	5.9
1237	-0.606252	210.650839	221.353330	0.003020	7.6
1238	-0.590567	209.806026	222.163543	0.003066	6.5
1239	-0.611197	210.806026	221.205140	0.003453	7.6
1240	-0.602510	209.961818	222.013687	0.002627	6.9
1241	-0.595691	210.961818	221.056573	0.003125	9.0
1242	-0.601680	210.117110	221.864511	0.003275	6.9
1243	-0.610948	211.117110	220.908681	0.003681	6.0
1244	-0.597393	210.279817	221.708428	0.002535	5.9
1245	-0.622111	211.266849	220.766264	0.003220	6.1
1246	-0.629787	212.266847	219.819856	0.002905	6.2
1247	-0.584570	211.422034	220.618861	0.002664	5.9
1248	-0.590393	210.577222	221.423697	0.003095	6.1
1249	-0.629771	211.577221	220.471654	0.002760	5.9
1250	-0.617658	212.577221	219.527762	0.003206	6.3
1251	-0.601216	211.732409	220.324642	0.002787	6.0
1252	-0.585063	212.732409	219.382005	0.002940	6.2
1253	-0.592093	213.732409	218.447401	0.002927	5.0
1254	-0.616242	212.887596	219.236442	0.003610	5.0
1255	-0.606542	213.887596	218.303075	0.003293	5.0
1256	-0.581595	213.042801	219.091057	0.002783	5.4
1257	-0.605079	214.042801	218.158924	0.003161	5.3
1258	-0.598211	213.198182	218.945698	0.003035	5.3
1259	-0.600326	214.198182	218.014800	0.002680	6.2
1260	-0.597584	215.107109	217.175522	0.002779	5.7
1261	-0.611315	214.262296	217.955386	0.003235	5.5
1262	-0.604814	213.417484	218.740871	0.002692	5.7
1263	-0.584321	214.417483	217.811710	0.003038	5.7
1264	-0.607011	213.572671	218.596158	0.002821	5.8
1265	-0.607742	214.549709	217.689442	0.002797	5.7
1266	-0.600914	213.704896	218.473008	0.002908	5.7
1267	-0.597067	212.860083	219.262235	0.002939	6.0
1268	-0.584269	212.015271	220.057185	0.002907	6.1
1269	-0.612852	211.170458	220.857920	0.003058	5.9
1270	-0.615055	212.170458	219.910725	0.002637	6.5
1271	-0.605157	213.170458	218.971620	0.002913	5.9
1272	-0.610684	214.170315	218.040634	0.002954	6.1
1273	-0.606368	215.170315	217.117400	0.002724	6.0
1274	-0.592212	216.169569	216.202630	0.003064	5.9
1275	-0.625830	216.746492	215.677986	0.003274	6.0
1276	-0.560730	215.901681	216.447112	0.002791	6.5
1277	-0.593958	215.056894	217.221721	0.003116	5.9
1278	-0.597430	215.744035	216.591242	0.002629	6.1
1279	-0.608823	214.905944	217.360715	0.002784	6.1
1280	-0.593357	215.905943	216.443217	0.003050	6.0
1281	-0.598946	216.905943	215.533432	0.002828	6.0
1282	-0.594018	216.061131	216.301527	0.002847	6.0
1283	-0.601197	215.216320	217.075114	0.002932	6.0
1284	-0.594631	216.216320	216.160021	0.003191	6.4
1285	-0.600816	217.216320	215.252610	0.003915	5.9
1286	-0.618372	216.371507	216.018701	0.002776	6.2
1287	-0.602525	216.450755	215.946606	0.002688	6.3
1288	-0.598932	217.450754	215.040983	0.002797	5.9
1289	-0.581676	218.450754	214.142924	0.002927	6.1
1290	-0.624605	217.605941	214.901122	0.002426	5.9
1291	-0.589613	218.605941	214.004228	0.002535	5.9
1292	-0.595903	219.586348	213.132146	0.002907	6.5
1293	-0.625178	220.554675	212.277757	0.002536	6.0
1294	-0.584218	221.554675	211.402582	0.002600	6.0
1295	-0.584171	222.554675	210.534594	0.003218	6.2
1296	-0.601778	221.709862	211.267412	0.003020	5.9
1297	-0.602508	222.709862	210.400531	0.002638	6.5
1298	-0.608255	221.865050	211.132415	0.002802	6.0
1299	-0.591109	222.736527	210.377513	0.002555	5.7
1300	-0.604088	223.736527	209.517905	0.002835	5.9
1301	-0.591169	224.736526	208.665295	0.003057	6.0
1302	-0.576357	225.736525	207.819594	0.003533	5.9
1303	-0.620125	224.891713	208.533602	0.003382	6.4
1304	-0.606220	224.046900	209.252533	0.002700	5.8
1305	-0.590416	225.046900	208.402075	0.002824	5.9
1306	-0.603783	226.024265	207.577521	0.003103	5.9
1307	-0.577617	226.886768	206.855271	0.003057	5.9
1308	-0.602050	227.886768	206.024149	0.002646	6.4
1309	-0.607551	227.041956	206.725852	0.002731	6.5
1310	-0.585661	228.041956	205.895767	0.003091	5.9
1311	-0.596368	227.197143	206.596595	0.003740	5.9
1312	-0.588574	228.197143	205.767546	0.002996	5.9
1313	-0.595446	229.197143	204.945124	0.002774	6.1
1314	-0.618442	230.197143	204.129251	0.003385	6.3
1315	-0.591144	229.353776	204.816901	0.003018	6.2
1316	-0.600448	228.508964	205.510390	0.003145	6.2
1317	-0.612959	227.664242	206.208517	0.003034	6.8
1318	-0.599518	226.819430	206.911478	0.003521	6.0
1319	-0.602344	227.819430	206.079906	0.003105	6.6
1320	-0.599368	226.974617	206.781989	0.002748	6.2
1321	-0.595982	226.129805	207.488873	0.003032	7.3
1322	-0.572133	225.284992	208.200606	0.002623	9.4
1323	-0.606110	226.161903	207.461926	0.003102	6.8
1324	-0.613669	225.317091	208.173474	0.002978	7.0
1325	-0.602915	226.283453	207.359951	0.002721	6.8
1326	-0.584872	226.656464	207.047633	0.002742	6.4
1327	-0.614817	227.656464	206.214967	0.003058	6.6
1328	-0.604855	228.656463	205.388973	0.002725	7.8
1329	-0.601631	229.656463	204.569569	0.002584	6.1
1330	-0.566565	230.656463	203.756677	0.003217	6.1
1331	-0.585972	229.811651	204.442993	0.002934	5.9
1332	-0.589536	228.966839	205.133948	0.002936	6.1
1333	-0.590021	228.205017	205.761044	0.003274	6.6
1334	-0.585537	227.360205	206.460953	0.003173	6.0
1335	-0.577911	226.657933	207.046404	0.003890	5.9
1336	-0.587509	225.813121	207.755100	0.002960	6.1
1337	-0.602658	224.968308	208.468664	0.002884	6.0
1338	-0.597661	224.123498	209.187144	0.003306	5.8
1339	-0.605959	223.278712	209.910573	0.003878	5.9
1340	-0.595756	224.278712	209.054769	0.003037	7.0
1341	-0.613832	225.278712	208.205915	0.003054	6.3
1342	-0.611457	224.433900	208.922584	0.003189	6.6
1343	-0.619481	225.433900	208.074801	0.002735	7.1
1344	-0.604108	226.433900	207.233870	0.003110	6.0
1345	-0.615226	227.433900	206.399709	0.002459	5.9
1346	-0.599346	228.433900	205.572236	0.003048	6.2
1347	-0.593346	227.589087	206.270859	0.002986	6.2
1348	-0.597301	226.744275	206.974246	0.002935	6.0
1349	-0.606208	227.744275	206.142170	0.003269	6.0
1350	-0.602814	228.628400	205.412063	0.003385	6.0
1351	-0.608963	227.783589	206.109594	0.003095	5.8
1352	-0.583972	227.951185	205.970840	0.002992	6.4
1353	-0.584683	228.924042	205.169075	0.002538	6.0
1354	-0.610868	229.923942	204.351503	0.003375	5.9
1355	-0.622029	230.923942	203.540339	0.002870	5.8
1356	-0.592736	231.923938	202.735593	0.003015	5.7
1357	-0.610964	231.079126	203.415037	0.002994	4.9
1358	-0.587222	232.079126	202.611276	0.003212	5.1
1359	-0.588304	233.079126	201.813842	0.003341	5.4
1360	-0.610414	234.079126	201.022661	0.002996	5.5
1361	-0.624072	235.079126	200.237659	0.003116	5.6
1362	-0.589789	234.234313	200.900435	0.002732	5.8
1363	-0.602933	233.389501	201.567614	0.002717	5.7
1364	-0.596601	234.387899	200.779617	0.002981	5.6
1365	-0.601590	235.387386	199.996909	0.002853	5.8
1366	-0.588956	236.387386	199.219882	0.002888	5.6
1367	-0.605709	237.387386	198.448870	0.002789	5.6
1368	-0.605331	238.387382	197.683804	0.002832	5.9
1369	-0.583109	237.542570	198.329755	0.003305	5.6
1370	-0.603566	236.697757	198.979941	0.002987	5.7
1371	-0.599966	237.697757	198.210781	0.003323	5.6
1372	-0.617426	238.697757	197.447545	0.003119	5.7
1373	-0.586848	237.852945	198.091950	0.002710	5.5
1374	-0.577960	238.852944	197.329627	0.003409	6.0
1375	-0.602300	238.008157	197.973242	0.003072	5.4
1376	-0.606421	237.163345	198.621089	0.002941	5.6
1377	-0.606877	236.328322	199.265608	0.003095	5.8
1378	-0.605016	237.328322	198.494243	0.003172	5.6
1379	-0.592185	238.328322	197.728826	0.002754	6.1
1380	-0.582084	237.483509	198.375071	0.002947	5.6
1381	-0.595221	238.483457	197.610611	0.003092	5.5
1382	-0.582394	237.638644	198.256083	0.002461	5.6
1383	-0.615990	238.638644	197.492498	0.002861	5.7
1384	-0.591886	239.638644	196.734773	0.002591	5.7
1385	-0.613027	240.637774	195.983492	0.003342	5.5
1386	-0.611114	241.637471	195.237505	0.002822	5.7
1387	-0.597213	240.802146	195.860444	0.002983	5.5
1388	-0.595635	241.802146	195.115167	0.002882	6.0
1389	-0.588682	241.975862	194.986278	0.002786	5.5
1390	-0.588339	242.972111	194.250386	0.002794	5.6
1391	-0.595053	243.972111	193.517289	0.002655	5.9
1392	-0.615897	244.972062	192.789740	0.003186	5.7
1393	-0.612549	244.127249	193.404053	0.003652	5.7
1394	-0.619801	245.127249	192.677318	0.002997	5.7
1395	-0.602293	246.127249	191.956024	0.003008	5.7
1396	-0.610263	245.282437	192.565027	0.003490	6.0
1397	-0.613919	246.282437	191.844572	0.002705	6.0
1398	-0.602229	247.282437	191.129487	0.002774	5.7
1399	-0.621403	248.282435	190.419715	0.002733	5.9
1400	-0.574729	247.437623	191.018994	0.003134	6.2
1401	-0.598762	246.592810	191.622056	0.002693	6.0
1402	-0.609685	247.592809	190.908628	0.002637	6.0
1403	-0.598249	246.822423	191.457772	0.003253	6.4
1404	-0.603419	247.816537	190.749740	0.003073	6.0
1405	-0.613150	246.976082	191.347989	0.002781	5.9
1406	-0.598067	246.139238	191.947409	0.002900	6.2
1407	-0.601841	245.294425	192.556357	0.003018	6.4
1408	-0.609933	246.294425	191.835967	0.003002	6.3
1409	-0.615769	247.294425	191.120947	0.002781	6.2
1410	-0.600553	246.449613	191.724654	0.002590	6.1
1411	-0.610134	247.449613	191.010462	0.003193	6.1
1412	-0.603488	246.604850	191.613435	0.002927	6.0
1413	-0.617001	247.604849	190.900070	0.003353	6.3
1414	-0.611583	246.760037	191.502381	0.003355	6.6
1415	-0.608979	245.915224	192.108504	0.002773	6.7
1416	-0.573918	246.915224	191.391455	0.002650	6.9
1417	-0.613685	247.915224	190.679738	0.003884	6.5
1418	-0.588809	247.070412	191.280657	0.002970	6.7
1419	-0.597072	248.070412	190.569763	0.003148	6.3
1420	-0.584237	249.070411	189.864133	0.002604	6.3
1421	-0.599583	248.225599	190.459915	0.002893	6.3
1422	-0.600751	247.392449	191.051145	0.003149	6.3
1423	-0.592057	248.392449	190.341952	0.002568	6.5
1424	-0.589047	249.392441	189.638011	0.002816	6.3
1425	-0.603128	248.547628	190.232372	0.002770	6.4
1426	-0.607542	247.720222	190.818109	0.003081	6.2
1427	-0.602581	248.720222	190.110642	0.003029	6.2
1428	-0.585252	247.875410	190.707974	0.002662	6.2
1429	-0.600667	248.874700	190.001821	0.003152	6.2
1430	-0.603522	249.874700	189.300383	0.002558	6.0
1431	-0.601801	249.044730	189.882190	0.003526	6.6
1432	-0.603254	250.044728	189.181634	0.003049	6.3
1433	-0.608363	251.044728	188.486228	0.003350	6.5
1434	-0.596113	250.199916	189.073379	0.002495	6.3
1435	-0.609090	251.195615	188.381744	0.003210	6.3
1436	-0.613256	250.351158	188.967996	0.003110	6.2
1437	-0.591129	251.329326	188.289250	0.002659	6.2
1438	-0.622855	250.484520	188.875169	0.003042	6.6
1439	-0.584778	251.468882	188.192810	0.003344	6.4
1440	-0.591039	250.624069	188.778133	0.002770	6.0
1441	-0.608454	249.779257	189.367107	0.003111	6.0
1442	-0.602464	248.934444	189.959768	0.002507	6.1
1443	-0.599874	249.934444	189.258640	0.002794	6.2
1444	-0.590220	249.089632	189.850622	0.003535	6.0
1445	-0.594438	248.245947	190.445521	0.002968	6.1
1446	-0.586109	249.244683	189.741696	0.002813	6.1
1447	-0.614114	248.399871	190.336708	0.002856	6.5
1448	-0.588837	249.399871	189.632800	0.002846	6.1
1449	-0.612158	248.555058	190.227128	0.002963	6.2
1450	-0.598781	247.710246	190.825193	0.003227	6.2
1451	-0.606089	246.865433	191.427031	0.003338	6.0
1452	-0.598635	246.020623	192.032675	0.003344	6.4
1453	-0.575932	247.020623	191.316190	0.002802	6.1
1454	-0.588330	248.020623	190.605032	0.002889	6.1
1455	-0.598935	249.020623	189.899141	0.003115	5.8
1456	-0.597819	248.175811	190.495143	0.003058	5.7
1457	-0.583699	249.175811	189.790064	0.003074	5.7
1458	-0.581812	248.330998	190.385380	0.002842	6.1
1459	-0.626535	247.486186	190.984443	0.003003	5.9
1460	-0.611050	247.604579	190.900262	0.002559	6.1
1461	-0.604857	246.781016	191.487377	0.002967	6.1
1462	-0.609566	245.936204	192.093406	0.003290	6.1
1463	-0.582437	246.936204	191.376469	0.003195	6.6
1464	-0.599260	246.091391	191.981794	0.003085	6.2
1465	-0.589406	247.091391	191.265689	0.003033	6.1
1466	-0.577895	248.088918	190.556657	0.002906	6.1
1467	-0.604785	249.088918	189.851124	0.003109	6.3
1468	-0.584305	249.823482	189.336183	0.003227	6.1
1469	-0.601431	248.978670	189.928651	0.002701	6.1
1470	-0.592057	249.978670	189.227752	0.003234	6.2
1471	-0.603734	249.133857	189.819540	0.002808	6.4
1472	-0.614669	250.133857	189.119445	0.002807	6.2
1473	-0.612030	251.133815	188.424524	0.003585	6.1
1474	-0.608669	251.906342	187.891143	0.002792	6.2
1475	-0.614943	252.906342	187.205174	0.002839	6.1
1476	-0.633254	252.061530	187.784360	0.003347	6.0
1477	-0.589428	253.061529	187.099170	0.002774	6.4
1478	-0.616695	252.216716	187.677699	0.002700	5.9
1479	-0.596775	251.492960	188.176181	0.002970	6.5
1480	-0.603147	252.486214	187.492758	0.003002	6.3
1481	-0.583957	251.693764	188.037614	0.003182	6.2
1482	-0.590516	252.693764	187.350577	0.002649	6.1
1483	-0.582459	253.666692	186.686941	0.003086	6.3
1484	-0.582664	254.666692	186.009722	0.003024	6.1
1485	-0.575443	253.821879	186.581522	0.003002	6.1
1486	-0.591640	253.912646	186.519919	0.002835	6.1
1487	-0.603312	253.067834	187.094866	0.002834	6.4
1488	-0.594670	254.067833	186.414689	0.003037	6.1
1489	-0.610432	255.067833	185.739439	0.002751	6.1
1490	-0.597678	254.223021	186.309577	0.002636	6.1
1491	-0.617626	253.378208	186.883225	0.003187	5.6
1492	-0.583220	254.376698	186.205605	0.002677	5.6
1493	-0.598580	255.376698	185.531866	0.002888	5.7
1494	-0.615544	254.536253	186.097778	0.002797	5.8
1495	-0.592993	253.938489	186.502387	0.002913	6.4
1496	-0.621330	254.719888	185.973834	0.002841	6.2
1497	-0.588297	255.719888	185.301768	0.002629	7.9
1498	-0.608179	256.710017	184.641105	0.003072	7.9
1499	-0.590802	255.865205	185.204510	0.003130	7.3
1500	-0.605343	255.442693	185.487574	0.003704	8.2
1501	-0.590133	256.442693	184.819013	0.002934	6.6
1502	-0.611728	257.442693	184.155253	0.003387	6.6
1503	-0.614732	258.442693	183.496244	0.003240	7.2
1504	-0.593479	259.442693	182.841935	0.002931	7.6
1505	-0.597308	260.442693	182.192275	0.002961	7.4
1506	-0.593010	261.442693	181.547216	0.002837	7.2
1507	-0.619450	260.597880	182.091870	0.003127	6.2
1508	-0.637195	261.597880	181.447520	0.002744	6.4
1509	-0.620183	262.595997	180.808915	0.002892	6.6
1510	-0.604733	263.574879	180.186968	0.003533	6.7
1511	-0.623503	262.730066	180.723479	0.002760	7.0
1512	-0.580159	263.730066	180.088760	0.002684	6.6
1513	-0.617128	264.730066	179.458484	0.002823	7.1
1514	-0.610982	265.730066	178.832605	0.002884	6.4
1515	-0.601385	266.730066	178.211075	0.002903	6.6
1516	-0.612938	265.885254	178.735867	0.003241	6.6
1517	-0.608871	265.040441	179.263758	0.003102	6.5
1518	-0.619141	266.040441	178.639234	0.002998	6.3
1519	-0.582045	267.040441	178.019046	0.002965	6.3
1520	-0.608130	266.195629	178.542705	0.003015	6.2
1521	-0.591227	267.195629	177.923186	0.002775	6.1
1522	-0.598215	268.195629	177.307952	0.002756	6.1
1523	-0.609829	267.351202	177.827192	0.003391	5.8
1524	-0.606740	266.506832	178.349447	0.003006	6.1
1525	-0.609222	267.506832	177.731266	0.002956	6.4
1526	-0.586761	266.718672	178.218133	0.002562	5.7
1527	-0.598282	265.873859	178.742966	0.002814	5.6
1528	-0.610005	266.873788	178.122103	0.002715	5.6
1529	-0.603115	267.873788	177.505494	0.002981	5.8
1530	-0.595578	267.028976	178.026132	0.003004	5.7
1531	-0.597165	266.185166	178.549210	0.002932	5.6
1532	-0.602230	265.340353	179.075998	0.002973	5.7
1533	-0.600744	266.340353	178.452779	0.002797	5.8
1534	-0.593730	265.497502	178.977772	0.003077	5.7
1535	-0.600146	264.653543	179.506559	0.003327	6.0
1536	-0.613852	264.592243	179.545089	0.003135	5.8
1537	-0.598081	263.747431	180.077777	0.003129	5.8
1538	-0.621705	264.747148	179.447756	0.002435	6.1
1539	-0.602743	263.902336	179.979867	0.002663	5.9
1540	-0.600842	264.882463	179.362819	0.003103	5.7
1541	-0.607891	264.037651	179.894426	0.003002	5.8
1542	-0.612949	263.192838	180.429193	0.002684	5.7
1543	-0.605476	264.192837	179.796537	0.002868	5.9
1544	-0.590826	263.350845	180.328933	0.002716	5.7
1545	-0.590942	264.350844	179.696979	0.002532	6.2
1546	-0.573978	265.350844	179.069437	0.003148	5.2
1547	-0.603428	266.350844	178.446264	0.003110	5.6
1548	-0.595881	267.350844	177.827413	0.002913	5.5
1549	-0.604223	266.506032	178.349944	0.003202	6.6
1550	-0.581543	267.504193	177.732892	0.002941	5.6
1551	-0.625029	268.502196	177.120192	0.002989	5.9
1552	-0.597948	267.661253	177.636188	0.003103	5.9
1553	-0.613655	266.833318	178.147147	0.002542	5.6
1554	-0.590405	266.073669	178.618557	0.003009	5.7
1555	-0.606572	267.073669	177.998512	0.003154	5.8
1556	-0.574036	268.073669	177.382757	0.002759	6.2
1557	-0.593112	267.228857	177.902675	0.003043	5.7
1558	-0.610731	266.384045	178.425648	0.003070	5.8
1559	-0.608394	265.539232	178.951706	0.002820	5.7
1560	-0.569381	264.710007	179.471084	0.002774	5.8
1561	-0.582179	263.865197	180.003332	0.002732	5.7
1562	-0.606765	264.865197	179.373653	0.003314	5.5
1563	-0.587746	264.020390	179.905320	0.002696	6.1
1564	-0.612011	263.175578	180.440152	0.003127	5.9
1565	-0.600310	262.330765	180.978174	0.002919	6.1
1566	-0.601474	263.330765	180.341668	0.002820	5.8
1567	-0.609252	262.523670	180.855040	0.002929	5.6
1568	-0.602675	263.523670	180.219398	0.002782	5.8
1569	-0.592791	264.501567	179.602112	0.002836	5.8
1570	-0.609247	265.501567	178.975232	0.002626	5.7
1571	-0.587586	264.657775	179.503900	0.002870	6.1
1572	-0.614392	265.657774	178.877705	0.003016	5.7
1573	-0.603034	264.813235	179.406264	0.002716	5.8
1574	-0.599000	265.813235	178.780748	0.002767	6.1
1575	-0.599857	266.812872	178.159803	0.002805	5.6
1576	-0.603210	266.050860	178.632750	0.003518	5.6
1577	-0.587398	265.206048	179.160032	0.003358	5.8
1578	-0.616093	264.400097	179.665968	0.002780	5.7
1579	-0.600916	263.555393	180.199307	0.003249	6.3
1580	-0.602477	264.555160	179.568405	0.002834	6.0
1581	-0.570686	265.555160	178.941760	0.002819	5.7
1582	-0.586492	266.555154	178.319477	0.003525	5.8
1583	-0.593669	267.555154	177.701503	0.002776	6.0
1584	-0.617069	266.710356	178.223284	0.003221	5.7
1585	-0.586946	265.865543	178.748148	0.003226	5.8
1586	-0.600893	266.865543	178.127205	0.003313	5.8
1587	-0.592858	266.020731	178.651502	0.002876	5.7
1588	-0.606990	267.020731	178.031229	0.002685	5.8
1589	-0.600746	266.175938	178.554947	0.003204	5.7
1590	-0.576114	267.175938	177.935343	0.002973	5.8
1591	-0.584919	266.331126	178.458510	0.003160	5.7
1592	-0.606431	267.331125	177.839574	0.002919	6.0
1593	-0.592195	268.331125	177.224917	0.003375	5.8
1594	-0.586106	267.486313	177.743908	0.003386	5.7
1595	-0.593872	268.486313	177.129910	0.002673	5.3
1596	-0.578585	267.641545	177.648317	0.002887	5.2
1597	-0.596531	266.796733	178.169794	0.002854	5.2
1598	-0.596882	265.953378	178.693434	0.003362	5.4
1599	-0.615059	265.108974	179.220818	0.003448	5.4
1600	-0.596414	264.264162	179.751583	0.003028	5.6
1601	-0.601935	263.422419	180.283554	0.003256	6.0
1602	-0.619757	264.422401	179.651928	0.002998	5.8
1603	-0.589901	263.577588	180.185252	0.002695	5.6
1604	-0.608001	264.574856	179.556020	0.003535	5.6
1605	-0.605930	265.574657	178.929585	0.002904	6.2
1606	-0.581697	266.574657	178.307383	0.002924	5.7
1607	-0.611589	267.574657	177.689493	0.003124	5.8
1608	-0.615166	266.729844	178.211213	0.002785	5.7
1609	-0.606304	265.885301	178.735838	0.003576	6.2
1610	-0.583713	266.885301	178.114980	0.003094	6.4
1611	-0.601956	266.040488	178.639205	0.003011	5.8
1612	-0.593437	267.040488	178.019017	0.002754	5.6
1613	-0.615584	266.343663	178.450724	0.003763	5.4
1614	-0.620968	265.498850	178.976930	0.002993	6.0
1615	-0.589341	264.654038	179.506248	0.002881	5.7
1616	-0.611044	263.809225	180.038707	0.002695	5.8
1617	-0.604002	262.964413	180.574333	0.002614	5.8
1618	-0.627019	262.120167	181.112794	0.002635	5.8
1619	-0.562503	263.026437	180.534901	0.002826	6.1
1620	-0.595912	262.181624	181.073488	0.003085	5.7
1621	-0.622432	261.336812	181.615299	0.002762	5.8
1622	-0.614988	262.330970	180.978044	0.003316	5.9
1623	-0.604161	261.493053	181.514852	0.003340	5.8
1624	-0.596166	260.648240	182.059311	0.002787	5.7
1625	-0.626543	261.633944	181.424367	0.002809	5.9
1626	-0.604337	262.633944	180.784725	0.002983	6.0
1627	-0.629174	263.633944	180.149577	0.003182	5.8
1628	-0.595904	262.789132	180.685864	0.003222	5.8
1629	-0.578022	263.789132	180.051409	0.002956	5.8
1630	-0.615126	262.944319	180.587112	0.002430	6.2
1631	-0.627469	263.944319	179.953349	0.002630	5.7
1632	-0.605815	263.099507	180.488467	0.002730	5.8
1633	-0.612718	264.099507	179.855395	0.003238	5.7
1634	-0.614589	265.099507	179.226749	0.003229	5.7
1635	-0.594139	266.099507	178.602482	0.003126	6.0
1636	-0.605008	267.099507	177.982549	0.002928	5.7
1637	-0.586846	266.254695	178.505993	0.003393	6.7
1638	-0.588712	267.254695	177.886728	0.003183	6.1
1639	-0.592073	266.409883	178.409608	0.002805	5.7
1640	-0.617665	265.565070	178.935571	0.003370	5.9
1641	-0.607133	266.564909	178.313427	0.003018	5.7
1642	-0.609151	267.564902	177.695500	0.002712	5.8
1643	-0.588164	266.720089	178.217255	0.002720	5.7
1644	-0.607130	265.875277	178.742083	0.003175	5.7
1645	-0.597101	266.875277	178.121182	0.002583	5.8
1646	-0.600232	267.875277	177.504580	0.002490	6.0
1647	-0.604719	267.030473	178.025207	0.003106	5.9
1648	-0.601573	266.427128	178.398904	0.002712	5.8
1649	-0.590851	265.582315	178.924804	0.003555	6.0
1650	-0.612922	266.582315	178.302635	0.002655	5.9
1651	-0.628880	267.581885	177.685042	0.003568	5.8
1652	-0.600378	266.737073	178.206736	0.002804	5.6
1653	-0.593573	267.737071	177.589543	0.003179	6.2
1654	-0.610635	266.892258	178.110675	0.003269	5.7
1655	-0.598475	267.892063	177.494266	0.002854	6.0
1656	-0.615740	268.892062	176.881989	0.003162	5.9
1657	-0.601697	268.410267	177.176453	0.003049	5.9
1658	-0.590465	269.410267	176.566363	0.003003	5.9
1659	-0.613793	268.573723	177.076442	0.003091	5.7
1660	-0.621439	269.573723	176.467039	0.003666	5.8
1661	-0.604587	268.728910	176.981595	0.003257	5.7
1662	-0.589336	269.728910	176.372843	0.002779	5.6
1663	-0.590795	268.884098	176.886849	0.003170	6.2
1664	-0.601315	268.039285	177.403859	0.002879	6.0
1665	-0.593461	269.039285	176.792205	0.002757	5.8
1666	-0.608979	270.039285	176.184753	0.003107	5.7
1667	-0.586821	271.039285	175.581462	0.002704	5.7
1668	-0.614194	272.038090	174.983001	0.003338	5.7
1669	-0.605712	271.193278	175.488926	0.002617	5.7
1670	-0.612347	272.193278	174.890383	0.003602	5.6
1671	-0.604984	273.193278	174.295908	0.002761	5.8
1672	-0.597615	274.192315	173.706028	0.003200	5.8
1673	-0.586784	275.192315	173.119564	0.003412	5.8
1674	-0.579373	274.347503	173.614756	0.003282	5.6
1675	-0.624821	273.502690	174.112788	0.003242	5.8
1676	-0.574781	274.502690	173.523580	0.003226	5.5
1677	-0.611100	273.657878	174.021088	0.003069	5.8
1678	-0.575500	272.813065	174.521458	0.003483	5.2
1679	-0.590176	271.968253	175.024714	0.003715	5.1
1680	-0.609644	271.123440	175.530880	0.003245	5.2
1681	-0.570799	272.123440	174.932051	0.002503	5.6
1682	-0.587601	273.123440	174.337294	0.002828	5.7
1683	-0.591725	272.321910	174.813687	0.002949	6.1
1684	-0.595890	273.321910	174.219733	0.002727	5.9
1685	-0.599480	274.116352	173.750740	0.002786	6.7
1686	-0.610185	273.271540	174.249554	0.003016	5.5
1687	-0.612785	274.271540	173.659421	0.002519	6.1
1688	-0.590518	273.426727	174.157710	0.002707	5.7
1689	-0.606950	274.426382	173.568400	0.003107	6.0
1690	-0.602666	275.426382	172.982864	0.002857	5.6
1691	-0.614791	276.426382	172.401265	0.003652	5.9
1692	-0.614568	277.425944	171.823816	0.002973	5.5
1693	-0.593270	278.425944	171.249972	0.002931	5.8
1694	-0.611938	277.581131	171.734511	0.003087	5.6
1695	-0.588368	276.736319	172.221799	0.003226	5.5
1696	-0.595356	277.736319	171.645298	0.003025	5.5
1697	-0.617066	278.736317	171.072645	0.002871	5.5
1698	-0.590609	279.736317	170.503799	0.002929	5.8
1699	-0.613069	280.736317	169.938723	0.003294	5.7
1700	-0.591741	279.891505	170.415860	0.002972	5.9
1701	-0.589267	280.891497	169.851371	0.002641	5.8
1702	-0.608537	280.047766	170.327404	0.002831	5.7
1703	-0.604663	279.202954	170.806729	0.002819	5.8
1704	-0.604332	278.358141	171.288759	0.002606	5.8
1705	-0.590931	278.530644	171.190112	0.002765	5.9
1706	-0.587323	277.696086	171.668418	0.003000	5.7
1707	-0.603036	276.851274	172.155331	0.003143	5.7
1708	-0.600108	276.006513	172.644983	0.003646	5.8
1709	-0.601386	277.006513	172.065651	0.002518	5.9
1710	-0.585563	278.006485	171.490209	0.002759	5.7
1711	-0.594669	279.006180	170.918761	0.003595	5.7
1712	-0.594783	280.006128	170.350966	0.002390	5.7
1713	-0.588993	279.652212	170.551496	0.003335	5.7
1714	-0.586606	280.652212	169.986105	0.003034	5.8
1715	-0.585674	281.652193	169.424461	0.002760	5.8
1716	-0.614270	282.652183	168.866511	0.003038	5.8
1717	-0.586136	281.821236	169.329884	0.003042	5.7
1718	-0.618870	280.985403	169.798553	0.002847	6.1
1719	-0.577610	281.985403	169.238135	0.002631	6.1
1720	-0.629758	281.392120	169.570174	0.002711	5.9
1721	-0.615310	280.547308	170.045241	0.003099	5.7
1722	-0.593795	279.702728	170.522845	0.003046	5.6
1723	-0.598564	280.702728	169.957643	0.002929	6.0
1724	-0.610727	281.702728	169.396176	0.003030	6.0
1725	-0.621187	280.857915	169.870267	0.002939	5.7
1726	-0.570857	280.013733	170.346662	0.003051	5.7
1727	-0.592740	281.012945	169.783069	0.003209	6.0
1728	-0.630962	280.168132	170.259331	0.003346	6.0
1729	-0.591626	281.168132	169.695872	0.002952	5.8
1730	-0.615910	280.323320	170.171644	0.002928	5.8
1731	-0.598860	281.323320	169.608764	0.002984	5.9
1732	-0.608678	280.478507	170.084047	0.002765	5.7
1733	-0.590618	281.478505	169.521747	0.002554	5.6
1734	-0.595962	280.724664	169.945287	0.002801	5.7
1735	-0.602735	281.724657	169.383905	0.002590	5.8
1736	-0.591417	282.724596	168.826250	0.002923	6.1
1737	-0.598413	283.724596	168.272221	0.003050	5.8
1738	-0.599673	284.724126	167.722074	0.003620	5.6
1739	-0.629791	285.724126	167.175257	0.002746	5.8
1740	-0.618911	286.724126	166.631993	0.002786	5.9
1741	-0.596697	287.724126	166.092249	0.002629	6.0
1742	-0.607540	286.879314	166.548002	0.003362	5.6
1743	-0.618446	286.034501	167.006263	0.002869	5.8
1744	-0.593224	287.034501	166.464095	0.002963	5.6
1745	-0.602812	288.034501	165.925437	0.003398	6.1
1746	-0.607585	287.189689	166.380273	0.002903	5.8
1747	-0.595866	288.189599	165.842204	0.003055	5.8
1748	-0.627546	287.344787	166.296584	0.003102	5.7
1749	-0.588762	286.499974	166.753460	0.003118	5.9
1750	-0.593489	287.495149	166.215529	0.003055	5.8
1751	-0.600165	288.495149	165.678476	0.003151	5.8
1752	-0.615071	287.650337	166.131957	0.002652	5.8
1753	-0.612709	286.810821	166.585061	0.003513	6.0
1754	-0.590778	285.966009	167.043526	0.002764	6.0
1755	-0.600810	285.136584	167.496102	0.003513	5.6
1756	-0.620629	286.136584	166.950755	0.002952	5.9
1757	-0.592789	287.136584	166.408947	0.003412	5.8
1758	-0.592113	286.291771	166.866442	0.003042	5.7
1759	-0.611924	285.446959	167.326459	0.003013	5.7
1760	-0.595177	286.446959	166.782214	0.002704	5.7
1761	-0.617988	287.446947	166.241504	0.002856	5.9
1762	-0.598273	286.602143	166.698073	0.002486	5.7
1763	-0.604020	287.602143	166.157902	0.002838	6.0
1764	-0.599560	288.601226	165.621710	0.003312	5.8
1765	-0.604298	289.601226	165.088481	0.002820	5.9
1766	-0.593850	290.601087	164.558747	0.003178	5.8
1767	-0.617759	291.601087	164.032329	0.003297	6.5
1768	-0.595092	292.601087	163.509269	0.003238	5.9
1769	-0.620962	293.601087	162.989534	0.002920	5.7
1770	-0.597805	294.601087	162.473093	0.003649	5.7
1771	-0.586231	295.601086	161.959914	0.002947	5.7
1772	-0.594770	294.756273	162.393241	0.002885	5.9
1773	-0.584962	295.756273	161.880565	0.003111	5.7
1774	-0.615350	294.911463	162.313466	0.002842	5.8
1775	-0.588917	294.066651	162.748690	0.003107	5.6
1776	-0.576535	293.316053	163.137339	0.003456	6.1
1777	-0.606641	294.314671	162.620675	0.003234	5.8
1778	-0.613189	295.305918	162.111050	0.003008	5.6
1779	-0.598326	294.461106	162.545187	0.002547	5.9
1780	-0.602811	295.201844	162.164407	0.002897	5.6
1781	-0.605084	294.357032	162.598830	0.002987	6.1
1782	-0.597012	295.357032	162.084858	0.003154	6.1
1783	-0.623502	294.512219	162.518855	0.002859	5.8
1784	-0.609811	295.512219	162.005387	0.002539	5.8
1785	-0.598762	296.512219	161.495153	0.003394	5.6
1786	-0.618089	295.667407	161.925994	0.002752	5.7
1787	-0.586238	296.667407	161.416259	0.003047	5.7
1788	-0.573473	295.822594	161.846679	0.002466	5.7
1789	-0.625199	294.978434	162.279064	0.003390	5.7
1790	-0.606281	295.977641	161.767513	0.002793	6.0
1791	-0.604121	295.132829	162.199809	0.003004	5.7
1792	-0.593431	296.132826	161.688354	0.003330	5.8
1793	-0.598426	297.132826	161.180112	0.003095	5.7
1794	-0.609571	296.288013	161.609271	0.003156	5.8
1795	-0.584098	297.287026	161.102025	0.002866	5.8
1796	-0.614266	296.652657	161.423755	0.002945	5.5
1797	-0.614516	295.807844	161.854214	0.002805	5.7
1798	-0.607234	294.963108	162.286935	0.003165	6.0
1799	-0.613611	294.118296	162.722017	0.002908	5.9
1800	-0.600381	295.118271	162.207279	0.002874	5.8
1801	-0.605035	294.273458	162.641933	0.002922	5.8
1802	-0.607999	295.273458	162.127688	0.003140	5.9
1803	-0.593382	296.219412	161.644221	0.002815	5.8
1804	-0.614044	295.374828	162.075740	0.002817	5.7
1805	-0.591057	294.587007	162.480341	0.002894	5.8
1806	-0.609148	295.586792	161.967226	0.003237	5.7
1807	-0.599607	296.586792	161.457233	0.003029	5.7
1808	-0.609284	297.586792	160.950441	0.003246	5.8
1809	-0.602981	298.586792	160.446820	0.002587	5.7
1810	-0.602418	297.741979	160.872078	0.003099	5.8
1811	-0.610191	298.741979	160.368947	0.002944	5.7
1812	-0.587817	299.741979	159.868953	0.002549	6.1
1813	-0.596071	300.741979	159.372068	0.003248	5.8
1814	-0.615863	301.738103	158.880170	0.003258	6.0
1815	-0.588333	302.738103	158.389402	0.003252	5.8
1816	-0.597463	301.893290	158.803809	0.002861	5.7
1817	-0.598489	301.048489	159.220386	0.002829	6.0
1818	-0.614788	302.047438	158.728034	0.002821	5.7
1819	-0.582777	301.202625	159.144217	0.002587	5.9
1820	-0.607201	302.201910	158.652170	0.003021	5.8
1821	-0.594710	301.357098	159.067956	0.002923	6.2
1822	-0.591392	300.512285	159.485926	0.002895	5.9
1823	-0.613740	299.667515	159.906078	0.002992	6.1
1824	-0.593200	300.667515	159.408962	0.002892	6.1
1825	-0.597482	299.822704	159.828728	0.003026	5.7
1826	-0.609143	298.985196	160.247053	0.002901	5.8
1827	-0.604063	299.985196	159.747818	0.003325	5.8
1828	-0.612452	300.985196	159.251683	0.002957	5.6
1829	-0.603298	301.985196	158.758622	0.002995	5.8
1830	-0.603305	302.985196	158.268604	0.002615	5.5
1831	-0.595535	303.978403	157.784899	0.003573	5.7
1832	-0.614722	303.133590	158.196145	0.002668	6.0
1833	-0.598809	304.133590	157.709588	0.003189	5.8
1834	-0.604044	303.289050	158.120309	0.002692	5.8
1835	-0.599587	302.444271	158.533290	0.002794	6.0
1836	-0.599670	303.444270	158.044661	0.003553	5.7
1837	-0.589171	304.444270	157.559033	0.002783	5.7
1838	-0.579313	303.599458	157.969101	0.002568	5.8
1839	-0.593503	304.599458	157.483937	0.004020	5.7
1840	-0.582671	303.771827	157.885261	0.002836	5.7
1841	-0.600702	302.927018	158.297029	0.002615	5.2
1842	-0.609994	302.082214	158.710948	0.003404	5.3
1843	-0.621228	301.237401	159.127042	0.003098	5.2
1844	-0.595555	302.237401	158.634751	0.002838	5.6
1845	-0.584001	301.392589	159.050445	0.002704	5.5
1846	-0.624904	302.392589	158.558626	0.002901	5.6
1847	-0.583590	303.392588	158.069840	0.002688	5.6
1848	-0.608211	303.424659	158.054214	0.003212	5.7
1849	-0.591328	304.424659	157.568528	0.003114	6.0
1850	-0.597135	303.633781	157.952399	0.002875	6.0
1851	-0.608467	302.925293	158.297872	0.003166	5.8
1852	-0.614531	303.922572	157.812011	0.002858	6.0
1853	-0.596750	304.893377	157.341904	0.002741	5.9
1854	-0.585158	305.892845	156.860835	0.002722	6.9
1855	-0.601761	306.892845	156.382444	0.002913	5.8
1856	-0.611481	306.048371	156.786240	0.002863	6.2
1857	-0.577576	305.203559	157.192290	0.003041	9.2
1858	-0.595909	306.195418	156.715778	0.003702	6.2
1859	-0.611072	305.350657	157.121438	0.003370	5.9
1860	-0.596348	304.505845	157.529228	0.002784	5.9
1861	-0.580550	303.661032	157.939141	0.002978	6.0
1862	-0.618837	304.660978	157.454187	0.003561	5.8
1863	-0.603392	303.816166	157.863709	0.003098	5.9
1864	-0.612928	304.816166	157.379191	0.003316	5.8
1865	-0.576674	303.975950	157.786090	0.003010	6.4
1866	-0.604106	304.301927	157.627977	0.002951	6.0
1867	-0.611150	305.301927	157.144903	0.002638	5.9
1868	-0.596947	306.301927	156.664781	0.002929	6.1
1869	-0.614092	306.924701	156.367253	0.003064	5.9
1870	-0.621760	307.922578	155.892870	0.003054	5.9
1871	-0.583989	308.922563	155.420363	0.003385	6.0
1872	-0.590372	309.361297	155.213958	0.002976	6.1
1873	-0.599546	310.361297	154.745545	0.002528	6.2
1874	-0.576448	311.361297	154.279951	0.002877	5.9
1875	-0.607186	310.516488	154.673105	0.002881	5.9
1876	-0.603411	309.671676	155.068270	0.003078	6.0
1877	-0.611258	310.671676	154.600734	0.002828	6.0
1878	-0.606571	309.835887	154.991301	0.003613	5.9
1879	-0.604283	310.835883	154.524231	0.002726	6.0
1880	-0.595159	311.834432	154.060637	0.003400	5.8
1881	-0.605675	311.023359	154.436979	0.003047	6.3
1882	-0.589130	312.023359	153.973237	0.002789	6.0
1883	-0.589844	313.023359	153.512272	0.003103	5.9
1884	-0.570042	313.591844	153.251448	0.002966	5.7
1885	-0.593205	314.591844	152.794788	0.003142	5.9
1886	-0.587619	313.747031	153.180401	0.002769	6.0
1887	-0.610236	314.747031	152.724164	0.003032	5.9
1888	-0.609952	315.747024	152.270639	0.002906	6.1
1889	-0.593293	316.747024	151.819797	0.002848	6.1
1890	-0.622221	317.747024	151.371616	0.003104	7.1
1891	-0.593074	318.747024	150.926074	0.002672	6.1
1892	-0.605767	317.902212	151.302301	0.003119	5.8
1893	-0.592789	317.064056	151.677422	0.002897	8.3
1894	-0.631684	316.219243	152.057410	0.002888	6.0
1895	-0.620895	315.374431	152.439305	0.003708	6.3
1896	-0.617395	314.529727	152.823075	0.002851	6.4
1897	-0.597850	315.529727	152.368960	0.003162	6.4
1898	-0.582005	314.684914	152.752425	0.002744	5.8
1899	-0.598282	315.281940	152.481232	0.003531	6.0
1900	-0.619119	316.281940	152.029144	0.003300	5.8
1901	-0.607880	315.437127	152.410898	0.002936	5.9
1902	-0.594399	316.437127	151.959226	0.002909	5.9
1903	-0.578949	317.437127	151.510223	0.003401	5.8
1904	-0.607007	318.437127	151.063866	0.002695	5.8
1905	-0.597883	319.437127	150.620131	0.002851	6.5
1906	-0.616566	320.437075	150.179018	0.002980	6.0
1907	-0.609457	319.592262	150.551525	0.002946	5.9
1908	-0.627807	318.747450	150.925885	0.002924	5.9
1909	-0.615668	317.902637	151.302111	0.002669	5.9
1910	-0.600136	318.902637	150.856978	0.003272	6.0
1911	-0.576332	318.074718	151.225325	0.003115	5.9
1912	-0.598107	319.074718	150.780643	0.003082	6.0
1913	-0.580645	320.074718	150.338568	0.002371	6.2
1914	-0.602843	321.074414	149.899211	0.003069	6.2
1915	-0.608943	320.229601	150.270329	0.002931	6.2
1916	-0.614356	321.229598	149.831239	0.003704	5.9
1917	-0.588765	320.384806	150.202011	0.002542	6.0
1918	-0.586923	321.017508	149.924151	0.002886	6.0
1919	-0.589315	322.017508	149.487077	0.003077	5.8
1920	-0.611430	323.017508	149.052543	0.002521	5.8
1921	-0.599641	324.017506	148.620530	0.004125	5.6
1922	-0.593011	325.017506	148.191013	0.002784	5.8
1923	-0.583365	324.172693	148.553711	0.002870	5.4
1924	-0.577776	323.332851	148.916040	0.002847	5.3
1925	-0.580776	324.332850	148.484815	0.003083	5.4
1926	-0.602085	325.332850	148.056081	0.002624	5.6
1927	-0.612750	326.332850	147.629815	0.002911	5.9
1928	-0.591961	327.332850	147.205997	0.002427	5.9
1929	-0.594947	326.494147	147.561290	0.002886	5.9
1930	-0.598611	327.494147	147.137864	0.003077	6.2
1931	-0.597070	328.494147	146.716862	0.002713	5.9
1932	-0.615054	329.493850	146.298386	0.002736	6.4
1933	-0.600267	330.493711	145.882225	0.002956	6.0
1934	-0.587911	331.493700	145.468372	0.003618	5.9
1935	-0.622004	330.648887	145.817850	0.002629	6.0
1936	-0.597373	331.648887	145.404357	0.002824	6.0
1937	-0.606991	332.648887	144.993202	0.002384	6.0
1938	-0.592503	331.804075	145.340398	0.002728	6.8
1939	-0.609039	330.959262	145.689260	0.002874	5.9
1940	-0.626908	331.959262	145.276495	0.002895	6.0
1941	-0.590830	332.959262	144.866062	0.002938	5.9
1942	-0.633928	332.114450	145.212649	0.003153	6.0
1943	-0.623374	333.114450	144.802576	0.002780	5.8
1944	-0.577252	333.487793	144.650071	0.002749	5.8
1945	-0.611876	334.487793	144.243165	0.002761	5.9
1946	-0.609250	333.642981	144.586774	0.003109	6.4
1947	-0.616332	332.798220	144.932003	0.003025	6.2
1948	-0.575336	332.107119	145.215663	0.002850	6.0
1949	-0.597184	331.262307	145.563927	0.003309	5.9
1950	-0.608666	332.262303	145.151872	0.002822	6.1
1951	-0.581170	331.417549	145.499805	0.003286	5.8
1952	-0.610982	332.397320	145.096416	0.002650	5.9
1953	-0.590993	333.397158	144.687065	0.002970	5.8
1954	-0.585994	334.397158	144.279951	0.002879	6.0
1955	-0.610811	333.552346	144.623735	0.003113	6.3
1956	-0.579788	334.552346	144.216977	0.002794	5.8
1957	-0.592878	335.552203	143.812559	0.003803	5.8
1958	-0.599746	336.552203	143.410344	0.003142	6.0
1959	-0.608092	335.707390	143.749992	0.003650	6.0
1960	-0.582207	336.707390	143.348127	0.003314	6.0
1961	-0.580318	335.862578	143.687480	0.003078	6.0
1962	-0.632336	335.017766	144.028443	0.002855	6.0
1963	-0.595925	336.017766	143.625022	0.002778	6.3
1964	-0.588953	336.451876	143.450596	0.003370	5.8
1965	-0.622446	337.451876	143.050401	0.002790	5.9
1966	-0.593199	336.607064	143.388344	0.002940	6.0
1967	-0.610324	337.305779	143.108729	0.002717	5.8
1968	-0.611602	338.305779	142.710436	0.002674	6.1
1969	-0.599092	338.244361	142.734835	0.003159	5.9
1970	-0.582142	339.240105	142.340300	0.002741	6.0
1971	-0.591692	340.037175	142.026052	0.002862	6.4
1972	-0.600883	339.192363	142.359166	0.003153	5.9
1973	-0.588065	340.192074	141.965143	0.002753	5.9
1974	-0.602992	341.188555	141.574558	0.002735	5.8
1975	-0.602585	342.182647	141.187044	0.003537	5.9
1976	-0.590818	343.155603	140.809819	0.002781	5.9
1977	-0.612294	342.310790	141.137247	0.003104	6.1
1978	-0.601688	341.465978	141.466200	0.002614	5.8
1979	-0.598751	340.621188	141.796682	0.003061	6.2
1980	-0.590039	339.776376	142.128720	0.002418	6.2
1981	-0.618163	339.012355	142.430347	0.002609	5.8
1982	-0.591963	340.012100	142.035917	0.002655	5.9
1983	-0.588275	341.012100	141.643565	0.002788	6.3
1984	-0.611667	342.012100	141.253376	0.002827	6.1
1985	-0.602069	341.167287	141.582872	0.003094	6.0
1986	-0.581401	342.167287	141.193016	0.002508	6.0
1987	-0.590593	343.167286	140.805302	0.003002	6.1
1988	-0.579356	342.322473	141.132708	0.002511	6.3
1989	-0.595705	343.322068	140.745481	0.002770	5.7
1990	-0.594862	342.477256	141.072608	0.003811	5.9
1991	-0.582725	343.477256	140.685554	0.002657	6.0
1992	-0.594894	342.632443	141.012403	0.003692	5.8
1993	-0.595293	343.632443	140.625678	0.002818	6.4
1994	-0.623270	342.787631	140.952249	0.003403	5.8
1995	-0.612321	341.942818	141.280339	0.002537	6.1
1996	-0.622242	341.098006	141.609961	0.002908	6.0
1997	-0.572088	340.253194	141.941125	0.002607	6.2
1998	-0.601012	339.408381	142.273841	0.002538	5.9
1999	-0.602886	340.408380	141.880176	0.002588	5.9
