1:ItNr	2:Metric	3a:Time	3b:StepSize	4:||Gradient||	Time[ms]
0	-0.734180	0.000000	1847.423767	0.002413	631.2
1	-0.731463	0.000000	1847.423767	0.002636	4.8
2	-0.739269	0.000000	1847.423767	0.002051	4.9
3	-0.768092	0.000000	1847.423767	0.003338	6.2
4	-0.716876	0.000000	1847.423767	0.002543	4.8
5	-0.759563	0.000000	1847.423767	0.001898	5.0
6	-0.789480	0.000000	1847.423767	0.002066	5.2
7	-0.754336	0.000000	1847.423767	0.001916	4.8
8	-0.771211	0.000000	1847.423767	0.001872	4.6
9	-0.768308	0.000000	1847.423767	0.001516	4.6
10	-0.774484	0.000000	1847.423767	0.002247	4.9
11	-0.796223	0.000000	1847.423767	0.003137	5.0
12	-0.773013	0.000000	1847.423767	0.001711	5.2
13	-0.773804	0.000000	1847.423767	0.001653	4.9
14	-0.813023	0.000000	1847.423767	0.002096	4.6
15	-0.783423	0.000000	1847.423767	0.001880	4.8
16	-0.810244	0.000000	1847.423767	0.001660	5.0
17	-0.783487	0.000000	1847.423767	0.001844	5.0
18	-0.808484	0.000000	1847.423767	0.002036	5.5
19	-0.779859	0.000000	1847.423767	0.003500	5.4
20	-0.789336	0.000000	1847.423767	0.003418	5.3
21	-0.782303	1.000000	1763.449959	0.001828	5.2
22	-0.790154	0.596390	1796.406634	0.002210	5.2
23	-0.806419	1.596390	1716.906918	0.001726	4.8
24	-0.790145	2.413059	1657.019638	0.002133	5.2
25	-0.789115	2.195272	1672.577890	0.001456	5.5
26	-0.795862	1.791662	1702.196984	0.002222	5.9
27	-0.800919	2.791372	1630.670937	0.001921	6.1
28	-0.795377	3.791372	1564.895193	0.002080	5.9
29	-0.809324	3.387763	1590.793700	0.001604	6.1
30	-0.815498	4.387763	1528.133838	0.001702	6.0
31	-0.801993	3.984153	1552.820262	0.001688	6.9
32	-0.788730	4.984117	1493.062029	0.001511	5.9
33	-0.813515	4.580525	1516.618594	0.001697	6.3
34	-0.802196	4.177007	1540.925770	0.002628	6.5
35	-0.803302	5.177007	1482.060149	0.001738	6.2
36	-0.795660	6.177007	1427.526545	0.001827	6.0
37	-0.797664	5.773398	1449.046538	0.001895	6.4
38	-0.796401	5.369788	1471.225291	0.001483	6.3
39	-0.799269	6.369788	1417.471667	0.001769	5.8
40	-0.814085	5.966197	1438.686328	0.001566	6.4
41	-0.810113	5.600868	1458.444878	0.001581	5.8
42	-0.817177	6.120853	1430.482256	0.003097	6.4
43	-0.805479	7.032883	1383.942511	0.002814	6.2
44	-0.814049	8.032883	1336.274407	0.001476	6.3
45	-0.774616	9.032883	1291.780697	0.001526	6.2
46	-0.791829	8.629281	1309.376980	0.002096	8.5
47	-0.818410	8.225672	1327.459611	0.001834	5.9
48	-0.814129	7.822062	1346.048682	0.001996	8.3
49	-0.822686	8.792294	1302.212532	0.001365	5.3
50	-0.806998	8.390786	1320.002106	0.001263	6.2
51	-0.807946	9.121771	1287.968709	0.002004	5.6
52	-0.811800	10.121771	1246.583895	0.001833	5.2
53	-0.816886	11.121771	1207.775827	0.002117	5.5
54	-0.797635	12.121771	1171.311116	0.002165	5.3
55	-0.801763	13.121771	1136.983733	0.001936	5.6
56	-0.808313	14.121771	1104.611114	0.001847	5.2
57	-0.829516	13.718162	1117.452561	0.001896	5.1
58	-0.816133	14.718162	1086.167285	0.002059	5.1
59	-0.810751	15.718162	1056.586085	0.001755	5.4
60	-0.817274	16.718162	1028.573424	0.003129	5.3
61	-0.803633	17.718162	1002.007767	0.001717	5.2
62	-0.807040	17.654805	1003.650097	0.001377	5.4
63	-0.813077	17.251196	1014.240165	0.001460	5.1
64	-0.804899	16.847587	1025.056088	0.001464	5.3
65	-0.814229	17.847586	998.669490	0.002212	5.6
66	-0.832112	17.443977	1009.154163	0.002213	5.5
67	-0.827553	18.443957	983.570159	0.003577	5.3
68	-0.819061	18.040348	993.738570	0.001387	5.1
69	-0.812647	19.040347	968.920160	0.002784	5.1
70	-0.816753	18.636737	978.786395	0.001334	5.2
71	-0.817501	18.233165	988.854683	0.001364	5.1
72	-0.790691	17.829559	999.133139	0.001605	5.4
73	-0.814883	18.177691	990.254857	0.001661	5.3
74	-0.819761	19.177691	965.607974	0.001307	5.7
75	-0.811179	20.131970	943.205459	0.002619	5.4
76	-0.787584	21.131970	920.818530	0.002153	5.5
77	-0.808829	22.131970	899.469667	0.003004	5.1
78	-0.813152	21.728361	907.966003	0.001546	5.6
79	-0.812578	21.324751	916.624382	0.001789	5.0
80	-0.797420	22.324751	895.467322	0.001650	5.0
81	-0.810016	21.921142	903.887861	0.001738	5.4
82	-0.801640	21.517532	912.468269	0.001611	5.3
83	-0.822629	22.507317	891.709762	0.001136	5.1
84	-0.814714	23.489053	872.032484	0.001576	5.3
85	-0.811396	23.456191	872.677090	0.001370	5.1
86	-0.819655	23.070269	880.319092	0.001439	5.4
87	-0.803758	23.798398	866.010862	0.001984	5.3
88	-0.796024	24.798333	847.102865	0.002175	5.2
89	-0.784475	25.798333	829.001732	0.001550	5.4
90	-0.803493	25.394723	836.213608	0.001470	5.0
91	-0.816067	24.991478	843.545387	0.001995	5.0
92	-0.771521	24.587868	851.013666	0.002355	5.1
93	-0.820332	25.587868	832.746815	0.002393	5.5
94	-0.778011	25.184259	840.024285	0.003580	5.2
95	-0.802668	26.184259	822.221223	0.001960	5.2
96	-0.791311	27.184259	805.157119	0.001634	5.2
97	-0.818063	28.184259	788.786899	0.001935	4.9
98	-0.831093	29.184259	773.069084	0.001463	5.3
99	-0.807579	30.184259	757.965435	0.001512	5.4
100	-0.814727	31.184258	743.440656	0.002691	5.4
101	-0.810120	32.184258	729.462071	0.001648	5.3
102	-0.811348	33.184258	715.999451	0.001385	5.1
103	-0.821827	34.096271	704.147456	0.001807	5.2
104	-0.800192	33.692661	709.343778	0.001413	5.2
105	-0.834942	34.607072	697.679230	0.001331	5.1
106	-0.822884	35.557901	685.950123	0.001448	5.0
107	-0.810702	35.158615	690.827206	0.001604	5.0
108	-0.795930	34.755005	695.828092	0.001846	5.1
109	-0.821986	34.351396	700.901909	0.001406	5.4
110	-0.802277	34.338351	701.067129	0.001926	5.1
111	-0.806674	33.934742	706.217919	0.001633	5.3
112	-0.830798	33.531132	711.444957	0.002189	5.3
113	-0.804792	34.531132	698.633315	0.001317	5.3
114	-0.787084	35.531132	686.274934	0.001342	5.2
115	-0.821692	35.127627	691.208612	0.001879	5.0
116	-0.789514	34.806308	695.188418	0.001344	5.2
117	-0.792174	35.806308	682.950544	0.002461	5.2
118	-0.824437	36.806308	671.136080	0.001470	5.1
119	-0.819626	37.806308	659.723426	0.001676	5.1
120	-0.800693	38.806302	648.692489	0.001296	5.2
121	-0.820584	38.402700	653.099933	0.002851	4.7
122	-0.837308	37.999090	657.567754	0.001950	4.3
123	-0.802836	37.595480	662.097124	0.001350	4.8
124	-0.817904	38.595480	650.987270	0.003100	4.2
125	-0.813695	38.191871	655.426134	0.001807	4.4
126	-0.802172	37.788261	659.925948	0.001578	4.6
127	-0.802927	38.788261	648.888230	0.001939	4.8
128	-0.795358	39.788261	638.213666	0.001801	4.6
129	-0.809378	40.788261	627.884622	0.001379	4.7
130	-0.815705	41.783991	617.926615	0.002086	4.7
131	-0.803278	41.384747	621.881164	0.001523	4.8
132	-0.819685	42.384717	612.070239	0.001707	4.8
133	-0.834206	41.981108	615.992642	0.001179	4.7
134	-0.834812	41.577507	619.965557	0.001527	5.0
135	-0.828071	41.173912	623.989999	0.001688	4.7
136	-0.810669	40.770320	628.066997	0.001790	4.9
137	-0.805100	41.770319	618.061202	0.001635	6.4
138	-0.841970	42.770319	608.369214	0.001938	5.4
139	-0.792499	42.367723	612.234392	0.001687	5.8
140	-0.818436	43.367723	602.722879	0.001268	5.4
141	-0.831017	42.970205	606.468263	0.001472	5.5
142	-0.806783	42.571118	610.275548	0.001351	5.2
143	-0.806798	43.571118	600.824332	0.001908	5.4
144	-0.785305	43.167538	604.603201	0.001618	5.1
145	-0.819046	44.167538	595.325527	0.001582	4.9
146	-0.800877	45.167538	586.328282	0.001465	5.0
147	-0.834568	46.108141	578.110176	0.002331	4.9
148	-0.789203	47.092032	569.756815	0.002457	5.0
149	-0.823051	48.092032	561.510469	0.001698	5.4
150	-0.830226	47.688422	564.809875	0.001701	4.9
151	-0.833792	47.392357	567.254892	0.001547	5.0
152	-0.810934	48.392354	559.080317	0.001462	5.2
153	-0.818618	49.392354	551.137972	0.002071	5.0
154	-0.819861	50.392354	543.418126	0.001531	5.3
155	-0.824876	49.988744	546.507753	0.001918	5.3
156	-0.787249	49.585138	549.632689	0.001564	5.3
157	-0.811264	50.585138	541.954661	0.001587	5.0
158	-0.827235	50.279106	544.281502	0.001804	5.1
159	-0.825802	49.875498	547.380973	0.001166	5.4
160	-0.816169	50.875497	539.765296	0.001686	5.2
161	-0.826432	50.635551	541.573261	0.001584	6.0
162	-0.825276	50.231942	544.641886	0.002323	5.3
163	-0.815145	49.828332	547.745484	0.001821	5.5
164	-0.834870	50.828332	540.119726	0.002097	5.4
165	-0.840213	51.828332	532.703385	0.001757	5.0
166	-0.839804	52.828332	525.487953	0.001883	5.6
167	-0.814529	52.625981	526.932188	0.001485	5.1
168	-0.823993	52.375537	528.730700	0.001452	5.2
169	-0.808552	51.971928	531.655123	0.001545	5.2
170	-0.819116	52.971928	524.467867	0.001964	5.2
171	-0.822870	52.568318	527.345196	0.001721	5.4
172	-0.821791	53.568318	520.273222	0.001213	5.1
173	-0.818786	54.526311	513.673956	0.001389	5.0
174	-0.814933	54.122842	516.432794	0.001259	5.1
175	-0.842933	54.188527	515.981633	0.001410	5.2
176	-0.807372	53.789821	518.732346	0.001649	5.4
177	-0.829575	53.386215	521.546888	0.001247	5.5
178	-0.818570	53.041356	523.976077	0.001213	5.0
179	-0.823756	52.869361	525.196085	0.001449	5.1
180	-0.811171	52.595469	527.150650	0.002192	5.2
181	-0.826991	53.595458	520.083929	0.001323	5.0
182	-0.830180	54.019909	517.141378	0.001619	5.2
183	-0.825335	53.616300	519.938659	0.001612	5.5
184	-0.817480	54.616300	513.062646	0.001509	5.1
185	-0.830846	55.616300	506.366127	0.001564	4.9
186	-0.814514	56.616293	499.842206	0.001389	5.0
187	-0.786227	56.212683	502.455004	0.001571	5.1
188	-0.805812	57.212683	496.030790	0.001418	5.0
189	-0.823227	56.809074	498.603788	0.001228	5.3
190	-0.805218	56.406772	501.195157	0.001315	5.7
191	-0.843625	57.385631	494.936360	0.001650	5.6
192	-0.823427	58.385207	488.704388	0.001158	5.0
193	-0.831656	59.383442	482.635458	0.001986	5.1
194	-0.811927	59.331236	482.949112	0.001695	5.2
195	-0.834968	59.102844	484.326113	0.002681	5.9
196	-0.793394	60.102844	478.354361	0.001623	5.4
197	-0.801971	61.102844	472.528078	0.001637	5.4
198	-0.837397	60.740269	474.624069	0.001925	5.8
199	-0.815294	61.740269	468.887757	0.001903	5.7
200	-0.809486	61.336660	471.186215	0.001313	5.3
201	-0.820688	62.336660	465.532206	0.001644	5.7
202	-0.834133	61.934462	467.789845	0.001565	5.6
203	-0.808726	61.530852	470.077528	0.002380	5.9
204	-0.833167	62.519835	464.511202	0.001388	5.6
205	-0.802065	63.519832	459.015338	0.002075	6.0
206	-0.824147	63.297854	460.224040	0.001481	6.1
207	-0.819601	62.894255	462.438092	0.001437	6.3
208	-0.816916	63.894255	456.990867	0.001315	7.7
209	-0.806574	64.874766	451.772984	0.001801	6.6
210	-0.816890	65.853913	446.679921	0.001261	6.4
211	-0.816871	65.450304	448.765330	0.001658	5.2
212	-0.819450	65.046901	450.869218	0.001405	8.5
213	-0.814505	64.643292	452.994020	0.002821	5.1
214	-0.812957	65.642649	447.769076	0.001806	6.5
215	-0.822869	65.239040	449.864692	0.001749	5.3
216	-0.821339	64.835430	451.980015	0.001805	4.8
217	-0.802687	64.632757	453.049752	0.001345	5.7
218	-0.786381	65.632757	447.820208	0.001801	6.9
219	-0.824200	66.612435	442.812701	0.001610	5.0
220	-0.808465	67.612435	437.815516	0.002548	5.7
221	-0.812890	68.298034	434.454125	0.001029	5.2
222	-0.815568	67.944462	436.181168	0.001849	5.3
223	-0.832373	67.546802	438.140035	0.002426	7.4
224	-0.823680	67.143196	440.146270	0.001518	6.9
225	-0.831943	66.882535	441.451752	0.001716	5.0
226	-0.804343	67.882535	436.485065	0.002605	5.2
227	-0.856023	68.882535	431.628893	0.001670	5.3
228	-0.832153	69.882535	426.879587	0.001663	5.0
229	-0.834101	70.882535	422.233660	0.002159	4.9
230	-0.834105	71.882535	417.687771	0.002550	5.1
231	-0.770450	71.478926	419.510703	0.001761	4.9
232	-0.829287	72.478926	415.022946	0.001320	4.9
233	-0.796197	72.078930	416.806459	0.001435	4.8
234	-0.813758	71.677327	418.612623	0.001374	4.8
235	-0.811016	71.273718	420.443652	0.001440	4.9
236	-0.810783	70.887225	422.212109	0.004104	5.0
237	-0.823720	71.652432	418.725104	0.001614	5.0
238	-0.814983	72.652432	414.254050	0.001362	5.1
239	-0.805231	72.248825	416.047058	0.001494	5.2
240	-0.798206	73.248388	411.634616	0.001436	5.2
241	-0.804032	74.248315	407.313233	0.001761	5.1
242	-0.827516	73.844766	409.046284	0.001787	5.1
243	-0.824888	73.441156	410.794410	0.001546	5.0
244	-0.798604	73.037547	412.557541	0.002033	5.2
245	-0.825149	72.633937	414.335872	0.001919	5.3
246	-0.809097	72.230328	416.129601	0.001532	5.4
247	-0.787458	71.830240	417.923074	0.001444	4.9
248	-0.829748	72.804039	413.584525	0.001610	5.0
249	-0.849616	72.400430	415.371740	0.001568	5.2
250	-0.807497	73.400424	410.971661	0.001853	5.2
251	-0.803441	73.070823	412.411607	0.001341	5.2
252	-0.830480	74.070823	408.073666	0.001376	5.5
253	-0.829829	75.070822	403.826033	0.001618	5.3
254	-0.843706	75.343404	402.683499	0.001428	5.3
255	-0.825320	74.940066	404.376406	0.001451	6.0
256	-0.838541	74.537681	406.079555	0.002343	5.7
257	-0.835861	75.537681	401.873119	0.002071	5.6
258	-0.808342	75.199012	403.287918	0.001608	5.4
259	-0.828119	76.199012	399.138823	0.001623	6.9
260	-0.821808	77.199012	395.074232	0.001732	4.6
261	-0.829544	78.199012	391.091589	0.002138	4.7
262	-0.806768	79.199005	387.188465	0.001793	6.2
263	-0.829606	80.199005	383.362454	0.002411	5.3
264	-0.817999	79.795396	384.897532	0.001614	5.1
265	-0.848609	79.391786	386.444952	0.001941	5.8
266	-0.811662	80.391786	382.633550	0.001777	6.0
267	-0.815886	81.391786	378.896594	0.001530	5.1
268	-0.816037	80.988177	380.396045	0.001418	5.6
269	-0.827805	81.698437	377.765236	0.001607	5.2
270	-0.808464	82.455843	374.999595	0.001651	5.6
271	-0.799802	83.455843	371.409565	0.002951	5.7
272	-0.807549	83.052233	372.850230	0.001570	6.0
273	-0.812207	84.052233	369.301041	0.001902	6.7
274	-0.802903	83.648624	370.725364	0.001563	5.5
275	-0.821081	83.290737	371.997554	0.001582	5.7
276	-0.814329	84.179666	368.853606	0.001787	5.9
277	-0.801593	85.179666	365.379743	0.001966	5.1
278	-0.832574	86.179666	361.970704	0.001409	5.6
279	-0.822485	87.179665	358.624692	0.002276	5.4
280	-0.790978	88.179665	355.339971	0.001843	5.1
281	-0.781816	87.776056	356.658447	0.001481	5.8
282	-0.817186	87.372689	357.985941	0.001339	5.8
283	-0.814561	88.368137	354.727623	0.002080	4.9
284	-0.818407	89.367007	351.517182	0.001940	4.7
285	-0.809292	88.963397	352.807390	0.001408	5.3
286	-0.827965	88.559787	354.107104	0.001695	5.8
287	-0.824323	88.540500	354.169453	0.002363	5.6
288	-0.805657	88.136891	355.479241	0.001360	6.0
289	-0.805555	89.132436	352.265877	0.001561	5.0
290	-0.832401	88.729082	353.560775	0.001948	5.1
291	-0.819259	89.728972	350.368095	0.001823	4.8
292	-0.786368	90.713503	347.280302	0.001289	5.4
293	-0.821000	91.713503	344.199213	0.001642	5.3
294	-0.819155	92.713503	341.172314	0.001268	5.6
295	-0.833864	92.309901	342.387548	0.001671	6.0
296	-0.781370	91.906291	343.611491	0.001340	5.1
297	-0.831070	92.906290	340.594879	0.002190	4.9
298	-0.841209	92.502704	341.805945	0.001200	5.2
299	-0.810139	92.099096	343.025723	0.002307	5.6
300	-0.824707	91.701325	344.236407	0.001394	5.2
301	-0.824479	92.701299	341.208936	0.001635	5.0
302	-0.814120	92.870409	340.702203	0.001407	4.9
303	-0.803473	92.466831	341.914010	0.001656	5.2
304	-0.841534	93.466831	338.926996	0.004056	5.1
305	-0.802893	94.466831	335.991720	0.002277	4.9
306	-0.820621	94.063221	337.170285	0.001625	5.1
307	-0.836551	95.063221	334.265228	0.001596	5.2
308	-0.815613	94.659612	335.431691	0.001724	4.7
309	-0.808666	94.256002	336.606323	0.001835	4.9
310	-0.806936	95.256002	333.710935	0.001666	5.2
311	-0.830690	94.864866	334.837474	0.002136	6.4
312	-0.796357	95.864866	331.972306	0.002355	6.1
313	-0.819557	95.461257	333.122793	0.001734	5.5
314	-0.833646	96.461257	330.286771	0.001687	5.2
315	-0.825055	96.057647	331.425585	0.002011	5.9
316	-0.858453	95.654037	332.572279	0.001221	5.4
317	-0.861156	95.250550	333.726585	0.002115	5.4
318	-0.808998	94.847015	334.889069	0.001899	6.1
319	-0.818376	94.443406	336.059897	0.001602	5.9
320	-0.805517	94.039796	337.238941	0.001730	5.6
321	-0.846919	95.039796	334.332706	0.001782	5.7
322	-0.817584	96.039796	331.476133	0.001492	6.5
323	-0.809374	97.039796	328.667960	0.001665	5.1
324	-0.827292	96.636187	329.795619	0.002014	5.3
325	-0.844475	97.174678	328.292827	0.001747	5.7
326	-0.818540	96.819895	329.281393	0.001843	5.6
327	-0.819701	96.416295	330.413245	0.001746	5.3
328	-0.816787	96.617426	329.848225	0.001462	5.8
329	-0.850027	96.213816	330.984012	0.001368	5.5
330	-0.810059	96.552297	330.030975	0.001480	5.5
331	-0.816009	97.552297	327.247132	0.001402	5.6
332	-0.817716	98.142978	325.624721	0.001701	6.8
333	-0.812683	97.739369	326.731559	0.001574	5.5
334	-0.823477	98.721996	324.049885	0.001506	6.4
335	-0.819964	98.328674	325.117993	0.001761	5.5
336	-0.801760	97.925065	326.221383	0.001706	5.1
337	-0.813795	97.521455	327.332288	0.001777	5.4
338	-0.816073	98.521455	324.593598	0.001401	5.7
339	-0.820899	98.313032	325.160616	0.001691	5.6
340	-0.836132	99.313024	322.458018	0.001491	6.1
341	-0.822181	98.909414	323.543396	0.002586	9.1
342	-0.809221	99.909414	320.867481	0.001592	5.7
343	-0.816710	100.909414	318.235465	0.001538	5.4
344	-0.843088	100.505805	319.292558	0.001449	6.3
345	-0.826230	100.729433	318.705988	0.002089	5.5
346	-0.831657	101.729433	316.109170	0.002005	5.3
347	-0.816491	101.325823	317.152161	0.002035	5.7
348	-0.801469	102.325823	314.580500	0.002057	5.3
349	-0.799032	103.325823	312.050209	0.001854	5.2
350	-0.811591	104.325823	309.560298	0.002019	5.2
351	-0.807102	103.922213	310.560452	0.001718	5.9
352	-0.815933	104.922213	308.094164	0.001247	5.1
353	-0.806910	104.518604	309.084852	0.001804	5.6
354	-0.821628	105.511352	306.659430	0.001658	6.1
355	-0.811458	106.511352	304.254472	0.002038	5.4
356	-0.795297	106.107959	305.220063	0.001400	5.1
357	-0.813651	107.107959	302.837540	0.001316	5.8
358	-0.822567	106.704350	303.794656	0.001669	5.4
359	-0.805070	106.301009	304.757201	0.002433	5.4
360	-0.808389	107.301009	302.381871	0.001456	5.9
361	-0.836253	108.301009	300.043283	0.001190	5.1
362	-0.806544	109.276620	297.796329	0.001316	5.9
363	-0.790768	109.354922	297.617447	0.001411	6.5
364	-0.814297	110.123774	295.872349	0.001675	6.3
365	-0.804497	111.123769	293.633003	0.001782	5.1
366	-0.819671	112.123456	291.427973	0.002791	5.1
367	-0.835086	113.123456	289.255140	0.002426	5.0
368	-0.802436	114.123456	287.114467	0.002085	5.3
369	-0.826855	113.719847	287.974638	0.001558	5.3
370	-0.813602	114.719847	285.852806	0.001373	5.3
371	-0.807838	115.719785	283.762142	0.001546	5.1
372	-0.819237	115.392889	284.442241	0.001603	5.0
373	-0.808606	114.989280	285.286452	0.001297	5.1
374	-0.827239	114.585670	286.135689	0.001658	5.2
375	-0.828354	115.585670	284.040771	0.001704	5.3
376	-0.812601	115.182061	284.882597	0.001572	5.0
377	-0.804006	114.778451	285.729427	0.001771	4.7
378	-0.837737	115.778451	283.640433	0.001592	6.1
379	-0.809327	115.374842	284.479883	0.001477	4.5
380	-0.834676	116.374842	282.409054	0.002786	4.4
381	-0.820714	117.374842	280.368155	0.001853	4.3
382	-0.828920	118.374842	278.356543	0.001230	4.8
383	-0.808240	119.359984	276.402846	0.001543	4.8
384	-0.824971	119.012529	277.088767	0.001302	4.3
385	-0.828352	120.012526	275.123780	0.001532	4.5
386	-0.819411	119.627118	275.877793	0.002381	4.5
387	-0.805497	120.627113	273.929887	0.002517	4.5
388	-0.816783	121.627113	272.009286	0.001931	4.7
389	-0.804091	122.627113	270.115428	0.001327	5.1
390	-0.822200	123.627113	268.247760	0.001467	8.6
391	-0.832759	123.271816	268.908371	0.001452	12.2
392	-0.824233	122.868207	269.662770	0.001654	8.4
393	-0.810939	123.868147	267.801445	0.001127	8.9
394	-0.798395	123.504267	268.475802	0.001405	8.1
395	-0.827235	124.059097	267.448921	0.001101	6.8
396	-0.833449	123.780088	267.964328	0.001580	6.7
397	-0.834548	124.776877	266.132050	0.001436	6.2
398	-0.831520	125.776871	264.318887	0.001565	5.7
399	-0.812759	125.373261	265.047720	0.001658	6.0
400	-0.815539	124.969652	265.780583	0.002048	5.8
401	-0.812758	125.969651	263.972179	0.001549	5.9
402	-0.827034	125.566042	264.699098	0.001216	5.4
403	-0.801530	125.162460	265.429982	0.001541	5.1
404	-0.821429	124.860986	265.978589	0.001858	4.9
405	-0.837269	125.652428	264.543175	0.001931	5.1
406	-0.836243	126.651435	262.753281	0.001912	5.2
407	-0.826617	127.651435	260.985701	0.001956	5.1
408	-0.831177	128.651401	259.241803	0.001694	4.9
409	-0.826357	128.247792	259.942869	0.001450	5.0
410	-0.818851	129.247792	258.212774	0.001404	5.0
411	-0.809040	128.920816	258.775933	0.001558	5.3
412	-0.828440	128.517207	259.474477	0.001706	5.2
413	-0.827687	128.113597	260.176803	0.003436	5.1
414	-0.814615	127.709988	260.882942	0.001638	5.1
415	-0.829598	128.709988	259.140353	0.001678	5.9
416	-0.809638	129.709357	257.421967	0.001138	5.8
417	-0.829152	129.305760	258.113190	0.001739	5.5
418	-0.804862	129.428863	257.901964	0.003035	5.2
419	-0.836556	130.428861	256.198843	0.001436	5.2
420	-0.818879	130.025252	256.883525	0.001819	5.7
421	-0.822901	129.621889	257.571454	0.001374	5.1
422	-0.813792	129.218280	258.263503	0.001234	5.6
423	-0.869586	128.852524	258.893865	0.001764	5.0
424	-0.835988	128.449120	259.592690	0.001425	5.1
425	-0.825424	128.257618	259.925754	0.001877	5.7
426	-0.815719	129.257618	258.195887	0.001020	5.3
427	-0.820713	130.257491	256.489109	0.001570	5.2
428	-0.823063	131.046143	255.158719	0.001650	5.2
429	-0.835910	131.346493	254.655676	0.001551	6.1
430	-0.822185	132.346435	252.995116	0.001248	5.1
431	-0.816328	131.978229	253.604054	0.001506	5.2
432	-0.807635	132.071404	253.449685	0.003239	5.1
433	-0.847325	133.062445	251.819313	0.001546	5.2
434	-0.845466	134.062445	250.195327	0.001334	5.2
435	-0.827764	133.658836	250.848256	0.001514	4.9
436	-0.837526	133.255226	251.504601	0.001311	4.6
437	-0.829344	134.118768	250.104481	0.001507	4.7
438	-0.821028	135.118768	248.502468	0.001747	4.8
439	-0.800940	134.715163	249.146573	0.001815	4.9
440	-0.835007	134.311553	249.794032	0.001704	4.9
441	-0.799704	135.311553	248.195980	0.001678	5.0
442	-0.816811	136.025319	247.067794	0.001890	5.3
443	-0.827554	137.025319	245.504324	0.001487	5.2
444	-0.804426	136.621709	246.132968	0.001948	5.2
445	-0.795815	137.621670	244.581331	0.001708	4.9
446	-0.821657	137.218060	245.205251	0.001388	5.0
447	-0.812139	138.218060	243.665192	0.001292	5.1
448	-0.829081	138.135978	243.790873	0.002218	5.3
449	-0.798499	139.135978	242.268474	0.001688	7.0
450	-0.804923	140.135878	240.765121	0.001428	5.0
451	-0.796109	139.732293	241.369661	0.001307	4.7
452	-0.818919	139.328684	241.977281	0.001218	5.1
453	-0.803137	138.942791	242.561098	0.001425	5.1
454	-0.829357	139.942787	241.053978	0.002073	5.1
455	-0.843828	140.942787	239.565465	0.001726	5.1
456	-0.828934	140.539178	240.164025	0.001371	5.5
457	-0.818632	141.539041	238.686650	0.001394	5.5
458	-0.804408	141.135617	239.280547	0.001809	5.0
459	-0.804846	140.732008	239.877681	0.002877	5.3
460	-0.809374	141.732008	238.403615	0.001291	5.0
461	-0.823611	141.328399	238.996377	0.001709	5.1
462	-0.815343	140.924789	239.592093	0.001946	5.0
463	-0.844758	141.924789	238.121524	0.001639	4.9
464	-0.826856	142.924789	236.668897	0.001457	5.0
465	-0.826609	143.924733	235.233967	0.001843	4.9
466	-0.833864	144.924733	233.816252	0.001636	5.3
467	-0.813402	144.521123	234.386394	0.001437	5.0
468	-0.823588	145.521121	232.978849	0.001384	5.5
469	-0.809993	145.117519	233.544899	0.002202	5.2
470	-0.815081	146.115682	232.149961	0.001492	4.7
471	-0.825926	147.115682	230.769067	0.002017	5.1
472	-0.808395	146.732133	231.296761	0.001798	5.1
473	-0.831533	146.328524	231.854667	0.001537	5.0
474	-0.848177	147.328524	230.477273	0.002090	4.9
475	-0.853862	146.924914	231.031228	0.001569	5.0
476	-0.807820	147.924914	229.663571	0.001445	5.2
477	-0.799406	148.924913	228.312014	0.001848	5.0
478	-0.830973	148.523415	228.852746	0.001828	5.4
479	-0.821806	149.523415	227.510686	0.001445	5.0
480	-0.811543	149.119806	228.050454	0.002802	5.2
481	-0.820956	148.716197	228.592791	0.001544	5.1
482	-0.827314	148.312587	229.137714	0.001173	5.3
483	-0.806552	149.312587	227.792319	0.001170	5.1
484	-0.798362	150.210019	226.598299	0.001476	5.0
485	-0.835789	149.807463	227.132342	0.002751	5.5
486	-0.842439	149.403854	227.670315	0.001789	5.0
487	-0.809857	150.403854	226.342047	0.001968	6.3
488	-0.825362	150.000276	226.876236	0.002851	7.3
489	-0.832993	149.596667	227.412996	0.001474	5.8
490	-0.809688	150.596667	226.087720	0.001445	5.5
491	-0.821507	151.568710	224.814216	0.001952	5.5
492	-0.830385	151.165100	225.341251	0.001404	6.5
493	-0.838326	150.761492	225.870762	0.002234	5.6
494	-0.809069	150.358048	226.402550	0.001637	5.9
495	-0.832159	151.358030	225.089014	0.001798	6.3
496	-0.816896	152.358030	223.790608	0.001479	5.2
497	-0.839949	152.037164	224.205588	0.003444	5.6
498	-0.795077	151.633556	224.729769	0.001677	6.3
499	-0.839082	151.229946	225.256408	0.001427	5.8
500	-0.817246	152.144286	224.066875	0.001410	5.7
501	-0.820792	151.740824	224.590217	0.002340	5.9
502	-0.800755	152.740824	223.297543	0.001439	6.7
503	-0.811537	153.740824	222.019665	0.001613	6.2
504	-0.807798	153.337214	222.533664	0.001470	6.4
505	-0.830797	152.933684	223.049947	0.002426	6.1
506	-0.833800	153.933355	221.775310	0.002139	5.6
507	-0.846216	153.529746	222.288178	0.001779	6.0
508	-0.853450	154.529746	221.021793	0.002049	5.3
509	-0.831940	154.126136	221.531177	0.001449	5.2
510	-0.831110	155.126136	220.273379	0.001146	5.9
511	-0.809546	156.112176	219.047047	0.001660	5.9
512	-0.824680	156.490183	218.580535	0.001930	5.4
513	-0.839121	156.086573	219.078716	0.001864	6.2
514	-0.819065	157.086573	217.848535	0.001388	5.5
515	-0.806103	158.086573	216.632093	0.001226	6.2
516	-0.806947	157.682963	217.121422	0.002383	6.3
517	-0.814526	158.682960	215.913068	0.001544	6.2
518	-0.827325	159.682960	214.718085	0.002539	5.8
519	-0.830507	159.279350	215.198796	0.001714	6.4
520	-0.818304	160.242809	214.054832	0.001546	5.6
521	-0.818075	159.847587	214.522625	0.001729	5.3
522	-0.831101	160.847587	213.342941	0.001931	5.6
523	-0.842553	160.443978	213.817508	0.001687	5.7
524	-0.817300	160.040368	214.294190	0.002317	5.4
525	-0.822469	159.636759	214.773003	0.001567	6.3
526	-0.811688	160.636757	213.590574	0.001346	5.5
527	-0.847943	161.636757	212.421091	0.001592	5.6
528	-0.835348	161.233147	212.891561	0.001622	5.4
529	-0.852033	160.829537	213.364119	0.001765	6.3
530	-0.816218	161.829537	212.197108	0.002270	5.1
531	-0.832981	161.425928	212.666585	0.001859	5.3
532	-0.807029	161.022664	213.137739	0.001239	5.6
533	-0.823363	160.619136	213.611296	0.001628	5.5
534	-0.800953	161.618017	212.442888	0.001397	5.1
535	-0.820923	162.618017	211.285906	0.002223	5.1
536	-0.818826	162.214408	211.751355	0.001155	5.2
537	-0.810120	163.214408	210.601872	0.001814	5.0
538	-0.806395	162.810798	211.064309	0.001578	5.0
539	-0.834762	162.434862	211.496870	0.001377	5.2
540	-0.812235	163.434862	210.350141	0.001444	5.3
541	-0.830013	163.031252	210.811472	0.001558	4.9
542	-0.831008	163.498249	210.277871	0.001990	5.2
543	-0.838722	163.094640	210.738885	0.001675	5.3
544	-0.818539	162.691030	211.201925	0.001535	5.1
545	-0.830029	162.287735	211.666641	0.001722	5.1
546	-0.809461	161.884138	212.133756	0.002387	5.2
547	-0.823283	161.480530	212.602951	0.002104	5.2
548	-0.837299	161.076920	213.074227	0.001449	5.2
549	-0.817545	162.076440	211.910933	0.001934	5.0
550	-0.818452	161.673923	212.377872	0.001785	5.0
551	-0.822372	162.673923	211.221596	0.001702	5.0
552	-0.818540	162.344695	211.600882	0.002309	5.3
553	-0.845194	161.941085	212.067721	0.001782	4.8
554	-0.816977	161.539984	212.533705	0.001978	4.7
555	-0.811702	162.539984	211.375735	0.001734	4.1
556	-0.817981	163.539984	210.230316	0.002021	4.3
557	-0.822030	164.539826	209.097421	0.001394	4.4
558	-0.833083	164.136216	209.553268	0.002496	4.5
559	-0.829901	165.136216	208.427462	0.001602	4.6
560	-0.815963	164.732607	208.880389	0.001545	4.7
561	-0.844714	165.732607	207.761782	0.002280	4.9
562	-0.833730	166.732607	206.655092	0.001905	4.8
563	-0.811431	167.732607	205.560129	0.001655	5.1
564	-0.836211	167.328997	206.000667	0.001567	5.2
565	-0.827844	168.328997	204.912610	0.001291	5.1
566	-0.810926	167.926708	205.348939	0.002270	5.2
567	-0.826088	168.925920	204.268586	0.001467	5.1
568	-0.802206	168.522311	204.703599	0.001338	5.1
569	-0.836207	168.121286	205.137666	0.001499	5.2
570	-0.835238	167.719750	205.574134	0.001833	5.1
571	-0.850175	167.316278	206.014581	0.002216	5.0
572	-0.810740	168.316125	204.926543	0.001835	5.0
573	-0.839103	167.912516	205.364367	0.002497	4.9
574	-0.808953	167.508906	205.804065	0.001883	4.8
575	-0.834499	168.508906	204.718078	0.002106	5.1
576	-0.822588	169.508906	203.643493	0.002271	5.2
577	-0.828495	170.508906	202.580130	0.001508	4.8
578	-0.826699	171.508906	201.527814	0.001441	4.9
579	-0.791933	171.105297	201.951220	0.002052	5.0
580	-0.807991	170.701687	202.376409	0.001728	5.0
581	-0.822659	170.298078	202.803392	0.001692	5.0
582	-0.824695	171.298078	201.748762	0.001765	5.4
583	-0.845335	170.894468	202.173098	0.002285	5.1
584	-0.814434	170.490859	202.599223	0.001380	5.2
585	-0.813041	171.445725	201.593977	0.003846	5.4
586	-0.806863	172.445719	200.551862	0.002396	5.3
587	-0.834553	173.445719	199.520459	0.001420	5.1
588	-0.830980	174.445719	198.499611	0.001288	5.3
589	-0.821212	175.445633	197.489241	0.002454	5.1
590	-0.844061	175.875167	197.058368	0.001286	4.9
591	-0.829852	175.471557	197.463183	0.001661	5.5
592	-0.839601	176.471545	196.463238	0.001378	5.5
593	-0.800864	176.068013	196.865531	0.002229	5.1
594	-0.825841	177.068013	195.871602	0.001983	5.1
595	-0.837898	178.068013	194.887659	0.001590	5.3
596	-0.828113	177.664405	195.283595	0.001803	5.2
597	-0.821380	178.664404	194.305537	0.002202	5.1
598	-0.828751	178.303449	194.657439	0.001457	5.1
599	-0.819186	179.303449	193.685627	0.001858	5.0
600	-0.818512	178.899841	194.076688	0.001822	5.0
601	-0.828619	178.498851	194.466779	0.001361	5.1
602	-0.820594	178.095242	194.861006	0.001370	4.9
603	-0.811581	179.095242	193.887165	0.001525	4.9
604	-0.821317	178.691632	194.279042	0.001476	4.7
605	-0.811302	178.288023	194.672507	0.002058	4.7
606	-0.838024	179.288023	193.700545	0.001818	4.9
607	-0.806751	180.288023	192.738239	0.001437	5.0
608	-0.840251	181.288023	191.785448	0.001953	5.1
609	-0.822510	180.884413	192.168868	0.001632	4.9
610	-0.808709	181.884413	191.221684	0.001334	5.1
611	-0.825891	181.480821	191.602834	0.001601	6.2
612	-0.828641	181.077211	191.985523	0.001692	5.3
613	-0.837001	182.077211	191.040141	0.001262	5.1
614	-0.817667	182.971425	190.202618	0.001903	5.2
615	-0.822159	183.971080	189.274990	0.001961	5.3
616	-0.803046	183.567471	189.648427	0.002073	5.4
617	-0.833672	184.567471	188.725867	0.001621	5.1
618	-0.821065	185.567471	187.812238	0.001563	5.1
619	-0.827919	186.412616	187.046959	0.001734	5.2
620	-0.820908	187.412616	186.149475	0.001808	5.1
621	-0.817249	187.009007	186.510669	0.001436	5.4
622	-0.821094	187.113549	186.416979	0.001034	4.9
623	-0.826945	186.736087	186.755704	0.001553	5.1
624	-0.810088	186.333041	187.118748	0.001635	5.5
625	-0.841051	185.929657	187.483513	0.001524	6.0
626	-0.800740	186.929132	186.582316	0.001435	5.5
627	-0.824853	186.525538	186.945180	0.001529	5.2
628	-0.805531	187.517602	186.055751	0.001630	5.1
629	-0.854070	187.114085	186.416499	0.001364	5.1
630	-0.827282	188.113820	185.525275	0.001938	5.0
631	-0.825780	187.710211	185.884049	0.001491	5.3
632	-0.842537	187.306601	186.244213	0.001509	5.3
633	-0.820459	186.902996	186.605772	0.001726	5.2
634	-0.808241	187.902537	185.712915	0.001666	5.4
635	-0.838473	188.902537	184.828157	0.001312	5.1
636	-0.841985	189.902537	183.951790	0.001400	5.4
637	-0.806494	189.506600	184.297780	0.002686	5.5
638	-0.817715	190.506600	183.426423	0.001871	6.2
639	-0.796730	190.102991	183.777117	0.001216	4.8
640	-0.832449	190.768715	183.199389	0.001713	4.9
641	-0.830394	190.495362	183.436170	0.002500	4.4
642	-0.834849	191.495362	182.572922	0.002474	4.8
643	-0.824893	192.495362	181.717761	0.001643	4.8
644	-0.842240	192.091752	182.061946	0.001823	5.1
645	-0.829281	191.688144	182.407436	0.001613	5.2
646	-0.822757	191.373851	182.677382	0.001426	5.1
647	-0.822640	192.373822	181.821269	0.001280	5.1
648	-0.817841	191.971762	182.164522	0.001473	5.0
649	-0.830273	192.829307	181.433965	0.001873	4.9
650	-0.804868	193.829307	180.589416	0.001419	5.3
651	-0.831112	194.106659	180.356569	0.001511	5.3
652	-0.814533	193.703059	180.695605	0.001373	5.0
653	-0.812060	194.703059	179.857900	0.001875	5.2
654	-0.827535	194.299456	180.195063	0.001549	4.9
655	-0.816388	193.895847	180.533499	0.001831	5.1
656	-0.805335	193.492237	180.873208	0.002689	5.3
657	-0.816351	194.492237	180.033859	0.001623	5.9
658	-0.814312	195.492237	179.202264	0.001431	5.3
659	-0.833688	195.088729	179.536893	0.001443	5.5
660	-0.828224	196.059173	178.734207	0.001490	5.2
661	-0.807250	197.038255	177.931616	0.001946	5.4
662	-0.842036	196.634646	178.261595	0.001441	5.3
663	-0.827023	197.634646	177.446255	0.001660	5.1
664	-0.840915	198.634645	176.638340	0.001426	5.3
665	-0.824156	198.231036	176.963535	0.001536	5.0
666	-0.811850	199.231035	176.160000	0.002475	5.1
667	-0.818020	198.827426	176.483434	0.001551	5.4
668	-0.824462	198.423816	176.808059	0.001159	5.1
669	-0.813694	199.423621	176.006087	0.001107	5.2
670	-0.825987	200.405015	175.225928	0.001377	5.1
671	-0.830758	201.206268	174.594081	0.001496	7.1
672	-0.823339	202.206103	173.812000	0.001764	5.9
673	-0.807921	203.206098	173.036770	0.001613	5.4
674	-0.815279	202.802489	173.348828	0.001636	5.1
675	-0.815061	202.398885	173.662008	0.001354	5.1
676	-0.811716	203.398867	172.888124	0.001532	5.2
677	-0.823918	204.398867	172.121092	0.001340	5.4
678	-0.823216	203.995257	172.429853	0.002086	5.2
679	-0.814939	203.606589	172.728233	0.001481	5.2
680	-0.793760	204.605149	171.963713	0.001526	5.1
681	-0.828762	204.215835	172.260974	0.001776	5.1
682	-0.837097	205.215835	171.499484	0.001542	5.0
683	-0.825202	206.215576	170.744893	0.001453	4.5
684	-0.830328	205.811966	171.048732	0.001432	4.4
685	-0.821041	205.408357	171.353653	0.002023	4.5
686	-0.830787	205.004753	171.659660	0.001475	4.6
687	-0.811881	205.066043	171.613121	0.001792	4.8
688	-0.816258	206.066043	170.857336	0.001625	4.7
689	-0.798885	205.662433	171.161575	0.001591	4.9
690	-0.815948	206.660176	170.411443	0.001876	4.9
691	-0.838895	206.257762	170.713197	0.001556	5.0
692	-0.804465	205.855032	171.016260	0.002610	4.9
693	-0.848404	206.855032	170.265711	0.002325	4.9
694	-0.805499	207.855032	169.521722	0.002326	4.7
695	-0.815250	208.855032	168.784206	0.001604	5.0
696	-0.819730	208.451423	169.081101	0.001269	5.5
697	-0.815899	209.451419	168.347408	0.001731	5.3
698	-0.811721	209.057962	168.635324	0.001580	5.1
699	-0.846544	209.966988	167.971620	0.001476	6.0
700	-0.808890	209.563379	168.265660	0.002614	5.6
701	-0.832026	209.232824	168.507246	0.001592	5.3
702	-0.859069	208.829744	168.802778	0.001490	5.3
703	-0.819986	208.426135	169.099737	0.001726	5.4
704	-0.831593	209.426135	168.365880	0.001850	5.2
705	-0.823949	210.426135	167.638366	0.001822	5.3
706	-0.845621	211.426134	166.917113	0.002609	5.5
707	-0.802555	211.022524	167.207469	0.001321	5.7
708	-0.845692	210.618914	167.498838	0.001527	5.2
709	-0.800033	211.588604	166.800516	0.001516	5.0
710	-0.826182	212.588603	166.086438	0.001663	5.3
711	-0.823249	212.184997	166.373907	0.001471	5.1
712	-0.837529	213.184997	165.663469	0.001784	5.0
713	-0.845371	212.781388	165.949477	0.002075	4.9
714	-0.834871	212.377778	166.236475	0.001828	5.6
715	-0.803768	211.974169	166.524466	0.002372	5.2
716	-0.827734	212.974169	165.812745	0.001650	5.3
717	-0.813719	212.570559	166.099269	0.002002	5.2
718	-0.825404	212.211875	166.354732	0.001437	5.0
719	-0.856868	211.808266	166.643134	0.001410	4.9
720	-0.790715	212.804706	165.932927	0.001830	5.1
721	-0.826656	213.804019	165.226725	0.001679	5.1
722	-0.808866	213.400409	165.511226	0.001337	5.0
723	-0.809156	212.996801	165.796708	0.001959	5.1
724	-0.817205	213.996800	165.091180	0.001783	5.2
725	-0.799352	213.593191	165.375214	0.002223	4.6
726	-0.830257	213.189581	165.660227	0.001687	4.9
727	-0.824111	212.785971	165.946224	0.001524	4.6
728	-0.841187	213.785963	165.239432	0.001692	4.6
729	-0.810653	214.785958	164.538632	0.001305	4.6
730	-0.828688	215.785606	163.843993	0.001419	5.0
731	-0.816419	215.384224	164.122201	0.001494	4.9
732	-0.823723	214.980624	164.402901	0.001525	4.8
733	-0.817608	215.980624	163.709161	0.001213	5.2
734	-0.837020	216.980621	163.021253	0.001437	5.2
735	-0.816637	216.577017	163.298200	0.001730	4.7
736	-0.814336	216.173413	163.576088	0.001345	4.9
737	-0.813524	216.077734	163.642103	0.002033	5.0
738	-0.818132	217.077734	162.954756	0.003027	5.2
739	-0.803619	216.674125	163.231480	0.001376	4.9
740	-0.825529	216.270515	163.509145	0.001412	5.2
741	-0.814743	217.077363	162.955010	0.001704	4.7
742	-0.823036	216.673925	163.231617	0.001726	5.0
743	-0.815583	217.673925	162.547706	0.001502	5.0
744	-0.820750	218.673920	161.869507	0.001691	5.2
745	-0.841300	218.303647	162.119966	0.001715	5.1
746	-0.802758	219.299935	161.447814	0.001529	4.8
747	-0.805037	220.299935	160.778739	0.001371	5.1
748	-0.814142	221.299935	160.115186	0.001229	5.3
749	-0.830055	221.458761	160.010300	0.001453	5.2
750	-0.813221	222.149382	159.555820	0.001484	5.1
751	-0.813807	223.149227	158.902404	0.001795	5.0
752	-0.845159	224.142104	158.258816	0.001923	5.0
753	-0.841698	223.738552	158.519771	0.001727	5.1
754	-0.830761	224.738552	157.874696	0.002018	5.2
755	-0.827500	224.334942	158.134421	0.001573	4.7
756	-0.846576	225.334942	157.492472	0.001866	4.6
757	-0.803549	226.334942	156.855714	0.002025	4.9
758	-0.830871	227.334942	156.224085	0.001540	4.9
759	-0.810702	228.334942	155.597522	0.001934	5.2
760	-0.835089	227.931333	155.849803	0.001570	4.9
761	-0.800449	228.931252	155.226282	0.001347	4.9
762	-0.832192	228.527644	155.477359	0.002803	4.8
763	-0.806944	229.527642	154.856761	0.001705	4.9
764	-0.802321	230.527642	154.241096	0.001679	5.1
765	-0.841237	231.527642	153.630307	0.001675	5.1
766	-0.816357	232.527642	153.024336	0.001659	5.7
767	-0.822012	232.124033	153.268335	0.002258	5.2
768	-0.824255	231.720423	153.513114	0.001989	5.3
769	-0.807420	231.316814	153.758675	0.001598	5.2
770	-0.833882	230.913205	154.005024	0.002680	5.0
771	-0.823485	230.509595	154.252163	0.001445	4.9
772	-0.801301	230.105986	154.500097	0.001327	5.0
773	-0.824779	231.096359	153.893135	0.001450	5.1
774	-0.825370	231.063526	153.913181	0.001395	5.5
775	-0.828344	232.063516	153.304987	0.001550	5.0
776	-0.832077	233.063511	152.701578	0.001324	5.0
777	-0.816656	232.659902	152.944548	0.001746	5.1
778	-0.804076	233.654775	152.347032	0.001850	5.3
779	-0.810713	233.251166	152.588874	0.001526	5.2
780	-0.832381	234.251166	151.991075	0.001224	5.2
781	-0.847004	233.847620	152.231750	0.001611	5.2
782	-0.843674	233.545915	152.412185	0.001576	5.3
783	-0.808594	233.142306	152.654234	0.001447	5.1
784	-0.795041	232.738750	152.897021	0.001714	4.9
785	-0.801087	233.729330	152.302443	0.001781	4.8
786	-0.808285	234.729329	151.706882	0.001305	5.1
787	-0.839419	235.728983	151.116164	0.001580	5.1
788	-0.852888	235.325373	151.354112	0.001439	5.2
789	-0.815894	234.921765	151.592809	0.001558	5.2
790	-0.821578	234.518155	151.832260	0.001387	5.2
791	-0.828343	234.115340	152.071997	0.001732	5.1
792	-0.813745	235.059472	151.511283	0.001379	5.2
793	-0.819725	236.054392	150.924864	0.002038	5.1
794	-0.808253	235.650782	151.162209	0.001250	4.9
795	-0.812937	236.650782	150.575514	0.001684	5.0
796	-0.800645	237.650766	149.993366	0.001335	5.3
797	-0.821746	237.247157	150.227788	0.001222	5.0
798	-0.835593	238.246404	149.648745	0.001436	5.2
799	-0.823695	239.204545	149.097700	0.001770	5.0
800	-0.836272	238.800936	149.329328	0.001898	5.0
801	-0.802828	239.378210	148.998256	0.002561	5.4
802	-0.838187	238.974600	149.229575	0.002207	5.4
803	-0.813055	238.570990	149.461614	0.001525	5.2
804	-0.797475	239.570990	148.888021	0.002589	5.0
805	-0.829013	239.167381	149.118998	0.001464	5.0
806	-0.820461	240.006973	148.639320	0.001674	5.2
807	-0.801029	241.006973	148.072010	0.001348	5.1
808	-0.820601	241.101100	148.018834	0.001645	5.1
809	-0.838776	240.702089	148.244515	0.001761	5.2
810	-0.829725	240.298479	148.473498	0.001916	5.0
811	-0.838427	241.289602	147.912455	0.001414	4.6
812	-0.824534	242.289602	147.350669	0.001653	4.5
813	-0.847809	241.886038	147.576872	0.002218	4.1
814	-0.842057	242.886038	147.017627	0.002408	4.4
815	-0.819410	243.886038	146.462605	0.001222	4.5
816	-0.806814	243.482428	146.686112	0.001279	4.6
817	-0.816416	243.200476	146.842654	0.001643	4.8
818	-0.812357	243.804780	146.507548	0.001447	5.1
819	-0.832838	243.416806	146.722516	0.001771	4.8
820	-0.860902	244.416806	146.169716	0.001436	5.0
821	-0.795077	245.416804	145.621066	0.001136	4.8
822	-0.840114	246.416804	145.076519	0.001433	4.7
823	-0.818702	246.013195	145.295813	0.001364	4.7
824	-0.825948	247.013195	144.753691	0.001681	4.9
825	-0.833796	248.010539	144.217023	0.001292	5.1
826	-0.814260	249.010539	143.682907	0.001339	4.9
827	-0.813623	250.006254	143.154996	0.002568	4.9
828	-0.821682	251.005394	142.629153	0.001340	4.8
829	-0.808809	250.601785	142.841105	0.001212	5.1
830	-0.802200	251.598505	142.318826	0.001571	5.3
831	-0.809731	251.194895	142.529856	0.001775	5.4
832	-0.810110	252.194895	142.008141	0.001245	5.1
833	-0.828229	253.194895	141.490231	0.001415	5.1
834	-0.826675	252.791319	141.698792	0.001752	5.0
835	-0.793010	252.460306	141.870313	0.001458	4.9
836	-0.831484	252.056697	142.080013	0.001310	4.9
837	-0.819457	252.869909	141.658130	0.001822	5.0
838	-0.822741	252.478226	141.861016	0.001243	4.8
839	-0.827723	252.074617	142.070690	0.001773	4.9
840	-0.826433	251.671007	142.280984	0.001426	5.0
841	-0.823798	252.670934	141.761124	0.002205	5.1
842	-0.821142	252.866451	141.659919	0.001732	4.8
843	-0.813988	252.462841	141.868997	0.001869	5.0
844	-0.822717	252.093751	142.060735	0.001841	5.0
845	-0.862939	251.690141	142.271000	0.001297	5.0
846	-0.810385	252.163640	142.024389	0.001611	4.7
847	-0.837757	253.163640	141.506361	0.001348	5.1
848	-0.850205	252.760106	141.714948	0.001971	5.0
849	-0.844034	253.760106	141.199171	0.001495	4.9
850	-0.804665	254.759915	140.687232	0.001496	5.6
851	-0.819949	255.757702	140.180016	0.001783	5.3
852	-0.837777	255.354099	140.384743	0.001955	5.0
853	-0.788728	256.354099	139.878586	0.001931	4.9
854	-0.810588	255.950489	140.082436	0.001092	5.1
855	-0.836767	255.546880	140.286881	0.001263	4.9
856	-0.854986	256.442885	139.833822	0.002701	5.0
857	-0.807774	256.039276	140.037542	0.001555	4.9
858	-0.821068	257.038086	139.534477	0.001237	4.9
859	-0.814306	256.634477	139.737325	0.003034	5.1
860	-0.818587	257.634477	139.235817	0.001133	5.3
861	-0.820867	258.634477	138.737896	0.002155	4.9
862	-0.817896	259.360495	138.378623	0.001420	5.1
863	-0.815158	259.718174	138.202306	0.001537	5.0
864	-0.810065	260.232168	137.949721	0.001393	5.1
865	-0.821767	261.232168	137.460940	0.001486	5.2
866	-0.822768	260.828558	137.657799	0.001475	5.2
867	-0.834996	260.424949	137.855223	0.002498	5.0
868	-0.819877	260.021339	138.053214	0.001262	5.0
869	-0.814881	259.617733	138.251773	0.001499	5.1
870	-0.823595	260.617187	137.761120	0.001292	5.3
871	-0.832298	261.617175	137.273678	0.001912	5.3
872	-0.820849	261.213566	137.470001	0.001492	5.3
873	-0.818601	262.213566	136.984607	0.001229	5.1
874	-0.802229	263.213566	136.502630	0.001579	5.0
875	-0.839201	262.809957	136.696751	0.001302	5.2
876	-0.835051	262.406347	136.891426	0.001891	5.1
877	-0.830494	263.406347	136.410103	0.001391	5.4
878	-0.827530	263.002738	136.603962	0.001107	5.1
879	-0.823625	263.877425	136.184533	0.001686	5.3
880	-0.807557	264.873584	135.709982	0.001365	5.3
881	-0.803728	264.470150	135.901771	0.002102	5.1
882	-0.826186	265.470150	135.427370	0.001433	5.0
883	-0.828960	265.066541	135.618444	0.001509	5.0
884	-0.796157	264.662931	135.810058	0.001461	5.2
885	-0.828540	265.662921	135.336300	0.001965	5.2
886	-0.845323	266.662909	134.865837	0.001741	5.0
887	-0.832093	266.263924	135.053155	0.001550	5.2
888	-0.816882	265.860314	135.243173	0.001507	5.3
889	-0.825406	265.456705	135.433727	0.001235	5.9
890	-0.819746	266.456705	134.962582	0.001462	5.7
891	-0.823518	267.456701	134.494706	0.001944	5.4
892	-0.827741	267.053092	134.683155	0.002129	5.4
893	-0.823231	268.053092	134.217209	0.001294	5.5
894	-0.813649	269.053092	133.754475	0.002049	5.4
895	-0.827444	270.028910	133.305997	0.001985	5.3
896	-0.814584	271.028910	132.849515	0.001622	5.6
897	-0.840524	270.632686	133.030010	0.002272	5.5
898	-0.839746	270.244244	133.207436	0.001879	5.5
899	-0.803786	271.244225	132.751636	0.001519	5.2
900	-0.815928	272.244224	132.298937	0.001424	5.5
901	-0.815960	272.273069	132.285925	0.001919	5.5
902	-0.835885	271.869459	132.468231	0.001624	5.4
903	-0.831015	272.869459	132.017458	0.001523	5.3
904	-0.805211	272.846193	132.027911	0.001898	4.9
905	-0.811430	273.846193	131.580126	0.001652	4.9
906	-0.810179	274.846193	131.135367	0.001530	5.5
907	-0.809492	275.845942	130.693716	0.001747	5.6
908	-0.815728	276.845940	130.254920	0.001307	5.4
909	-0.804728	276.442331	130.431667	0.001439	5.3
910	-0.809747	276.038721	130.608895	0.001410	5.2
911	-0.828120	277.037999	130.170982	0.002285	5.4
912	-0.837976	276.645035	130.342840	0.001563	5.4
913	-0.829823	276.241426	130.519826	0.001602	5.4
914	-0.834232	275.837822	130.697290	0.001724	5.3
915	-0.827251	276.837816	130.258473	0.001225	5.3
916	-0.823743	276.434206	130.435230	0.002313	5.6
917	-0.824611	277.434084	129.998218	0.001729	5.3
918	-0.813191	277.030474	130.174269	0.001435	5.6
919	-0.831105	276.626865	130.350797	0.001411	5.4
920	-0.803436	277.626729	129.914356	0.002198	5.4
921	-0.827757	277.223119	130.090179	0.002298	5.3
922	-0.841092	278.223119	129.655420	0.001594	5.4
923	-0.824813	279.223119	129.223556	0.002316	5.1
924	-0.844216	280.223119	128.794560	0.001798	5.5
925	-0.808853	281.211524	128.373328	0.001606	5.6
926	-0.817953	280.836686	128.532749	0.001426	4.9
927	-0.831582	281.684851	128.172583	0.001455	5.1
928	-0.849622	281.281308	128.343692	0.001320	5.2
929	-0.799960	281.356894	128.311607	0.002009	5.2
930	-0.850550	282.356894	127.888635	0.002457	5.8
931	-0.821741	281.956084	128.057831	0.001185	5.7
932	-0.833949	282.956084	127.636528	0.001355	5.2
933	-0.825979	282.707036	127.741193	0.002330	4.9
934	-0.811744	282.303426	127.911180	0.001474	5.5
935	-0.819608	283.303426	127.490839	0.001665	5.5
936	-0.810917	283.932734	127.227729	0.001840	5.2
937	-0.824269	283.529127	127.396349	0.001734	5.2
938	-0.810321	284.529125	126.979381	0.002254	5.3
939	-0.823743	285.529125	126.565132	0.001480	5.6
940	-0.855356	286.529081	126.153595	0.001600	5.2
941	-0.816954	286.126123	126.319112	0.002012	5.5
942	-0.820133	285.722513	126.485333	0.001205	5.7
943	-0.831594	286.722513	126.074296	0.001350	6.3
944	-0.820625	287.722512	125.665922	0.002275	5.2
945	-0.820947	288.722512	125.260185	0.001680	5.3
946	-0.833237	288.318902	125.423628	0.001459	5.4
947	-0.824075	289.318902	125.019452	0.001405	5.5
948	-0.846434	288.916443	125.181803	0.001439	5.5
949	-0.816637	289.905905	124.783410	0.001591	5.6
950	-0.814217	289.502296	124.945611	0.001238	5.2
951	-0.849241	290.455222	124.563329	0.001960	5.5
952	-0.821234	290.051612	124.724958	0.001542	5.7
953	-0.842936	291.051612	124.325264	0.001561	5.5
954	-0.823768	292.051612	123.928124	0.001721	5.4
955	-0.831106	293.051577	123.533527	0.001510	5.4
956	-0.823626	294.051316	123.141524	0.003148	5.5
957	-0.839075	293.647707	123.299482	0.001326	8.2
958	-0.843244	294.647707	122.908858	0.002003	6.6
959	-0.827526	295.645877	122.521409	0.001357	9.1
960	-0.850220	296.645850	122.135703	0.001264	5.5
961	-0.814418	296.687955	122.119515	0.001901	5.4
962	-0.828792	296.867847	122.050404	0.001959	5.7
963	-0.828451	297.867847	121.667642	0.002137	5.5
964	-0.821656	297.464238	121.821839	0.001540	5.4
965	-0.823396	298.464237	121.440507	0.001710	5.4
966	-0.825553	298.060628	121.594129	0.001301	5.2
967	-0.828051	297.657025	121.748137	0.002283	6.0
968	-0.826328	298.657025	121.367266	0.002508	5.5
969	-0.821805	299.657025	120.988770	0.001167	5.8
970	-0.805750	299.253416	121.141250	0.001718	6.1
971	-0.802351	299.050139	121.218192	0.001796	7.1
972	-0.843894	298.646530	121.371251	0.001804	10.3
973	-0.822936	298.242920	121.524697	0.001758	9.3
974	-0.815650	299.242919	121.145221	0.001695	5.7
975	-0.812861	300.242919	120.768107	0.001425	5.1
976	-0.815832	300.154944	120.801189	0.001269	5.3
977	-0.832292	299.761685	120.949293	0.001991	5.6
978	-0.815681	299.358080	121.101672	0.001246	6.0
979	-0.815809	300.358049	120.724840	0.002362	6.2
980	-0.808901	301.355057	120.351452	0.002115	6.2
981	-0.823771	302.355057	119.979256	0.001455	6.3
982	-0.819006	303.355057	119.609355	0.004137	6.4
983	-0.827521	302.951447	119.758376	0.001864	5.4
984	-0.838444	303.951447	119.389833	0.001612	6.0
985	-0.829563	304.951447	119.023552	0.001585	6.0
986	-0.831647	305.146284	118.952449	0.001379	8.9
987	-0.829321	304.742692	119.099830	0.001570	5.9
988	-0.786317	305.627610	118.777157	0.001874	5.7
989	-0.838296	305.240502	118.918095	0.001966	6.2
990	-0.814397	306.240502	118.554699	0.001512	5.6
991	-0.831514	307.118849	118.237338	0.001437	6.4
992	-0.823085	308.118844	117.878085	0.002042	5.9
993	-0.798981	309.118843	117.521008	0.001522	6.1
994	-0.804491	308.715233	117.664867	0.001543	6.3
995	-0.869454	309.715233	117.309078	0.001697	5.9
996	-0.830901	310.715218	116.955439	0.001586	5.7
997	-0.816043	310.311609	117.097917	0.001674	6.2
998	-0.828470	311.311609	116.745543	0.001684	6.0
999	-0.829494	312.270975	116.409475	0.001641	6.7
1000	-0.828314	311.867430	116.550601	0.001351	6.7
1001	-0.840525	311.469324	116.690162	0.002432	6.1
1002	-0.817857	312.469324	116.340234	0.001222	7.2
1003	-0.806363	313.469324	115.992399	0.002495	6.7
1004	-0.816532	313.065714	116.132538	0.002217	7.6
1005	-0.810269	312.662104	116.273016	0.002473	6.2
1006	-0.800533	312.258495	116.413834	0.002269	6.0
1007	-0.825623	313.258495	116.065559	0.001419	8.5
1008	-0.842817	314.192119	115.742277	0.001592	5.6
1009	-0.842570	313.788510	115.881812	0.001787	5.5
1010	-0.837285	313.384933	116.021672	0.001861	5.7
1011	-0.807398	314.384389	115.675924	0.001539	6.4
1012	-0.835423	313.980779	115.815299	0.001319	6.0
1013	-0.821681	313.577784	115.954797	0.001194	5.6
1014	-0.823494	314.576826	115.609590	0.001658	5.7
1015	-0.836418	314.173216	115.748804	0.001288	6.2
1016	-0.827247	313.769612	115.888353	0.001696	6.0
1017	-0.834655	313.366002	116.028241	0.002134	6.6
1018	-0.845744	314.366002	115.682266	0.001770	5.5
1019	-0.814826	313.962393	115.821656	0.001538	5.8
1020	-0.823216	314.933322	115.486903	0.001966	5.7
1021	-0.808959	315.932831	115.144312	0.002119	5.9
1022	-0.818972	315.529222	115.282408	0.002338	5.8
1023	-0.824488	316.529222	114.940860	0.002272	5.7
1024	-0.825015	317.529222	114.601330	0.001601	5.5
1025	-0.832139	317.125612	114.738126	0.001169	6.0
1026	-0.822917	318.125611	114.399791	0.001230	6.0
1027	-0.847950	317.722001	114.536106	0.002137	5.6
1028	-0.835322	317.318392	114.672746	0.001351	5.3
1029	-0.844798	318.318392	114.334796	0.001334	5.4
1030	-0.832158	317.921317	114.468749	0.001338	5.5
1031	-0.826502	317.517710	114.605227	0.001566	5.9
1032	-0.798572	317.114107	114.742030	0.001482	6.1
1033	-0.813469	317.901800	114.475341	0.001801	5.6
1034	-0.831866	318.825949	114.164028	0.001503	5.7
1035	-0.830719	318.422339	114.299781	0.001536	5.6
1036	-0.825950	318.019000	114.435766	0.001109	5.8
1037	-0.831236	319.017993	114.099547	0.001261	5.9
1038	-0.812030	319.771164	113.847365	0.001573	6.0
1039	-0.831591	320.771164	113.514255	0.002260	5.9
1040	-0.827729	321.771164	113.183089	0.001446	5.6
1041	-0.858503	321.367554	113.316518	0.001846	5.6
1042	-0.837386	320.963950	113.450260	0.002256	5.8
1043	-0.815063	321.963950	113.119467	0.001579	5.7
1044	-0.821223	322.963950	112.790596	0.001835	5.5
1045	-0.809977	322.560342	112.923101	0.001416	5.7
1046	-0.834121	322.156741	113.055914	0.001509	5.6
1047	-0.829484	323.156651	112.727443	0.001974	6.0
1048	-0.840991	323.880612	112.490809	0.001604	5.9
1049	-0.806196	324.880612	112.165579	0.002210	6.2
1050	-0.839214	325.880612	111.842224	0.001679	5.4
1051	-0.831407	326.880612	111.520728	0.002292	5.7
1052	-0.827072	327.820804	111.220141	0.001440	5.7
1053	-0.818949	328.096107	111.132431	0.001695	5.6
1054	-0.786631	327.692498	111.261066	0.002872	5.8
1055	-0.827255	328.692498	110.942898	0.001582	5.5
1056	-0.823480	328.288888	111.071094	0.002093	5.4
1057	-0.832347	329.288888	110.754010	0.001331	5.7
1058	-0.809620	328.885279	110.881770	0.002126	5.3
1059	-0.829684	328.808600	110.906076	0.001589	5.4
1060	-0.834003	329.808600	110.589932	0.003335	5.2
1061	-0.818521	330.808600	110.275585	0.001817	5.0
1062	-0.838529	330.404990	110.402243	0.001372	5.3
1063	-0.836530	330.001381	110.529192	0.002315	5.5
1064	-0.817476	329.598376	110.656243	0.001633	4.9
1065	-0.801139	330.546463	110.357814	0.001358	5.1
1066	-0.814252	330.142854	110.484661	0.001238	4.9
1067	-0.828750	329.739426	110.611743	0.001521	4.8
1068	-0.850279	329.421038	110.712243	0.001396	5.3
1069	-0.827088	330.420882	110.397250	0.001680	5.3
1070	-0.835834	330.017273	110.524188	0.002528	5.0
1071	-0.830077	331.017272	110.210215	0.001646	4.9
1072	-0.818386	330.613662	110.336723	0.001616	5.0
1073	-0.802467	331.613662	110.023812	0.001804	5.0
1074	-0.829732	331.210053	110.149892	0.001709	5.0
1075	-0.818544	332.210053	109.838038	0.001456	8.1
1076	-0.817677	333.210053	109.527945	0.001676	5.2
1077	-0.826192	334.179001	109.229146	0.001361	4.9
1078	-0.839185	335.178896	108.922509	0.002567	4.9
1079	-0.842639	336.178835	108.617576	0.001374	4.3
1080	-0.827903	335.791852	108.735384	0.002008	4.7
1081	-0.819357	335.388243	108.858527	0.001504	5.4
1082	-0.802575	334.984633	108.981949	0.001273	5.3
1083	-0.817063	335.664331	108.774261	0.002438	4.9
1084	-0.831571	336.623826	108.482423	0.001417	4.9
1085	-0.831743	337.623826	108.179926	0.003054	4.7
1086	-0.810625	338.623826	107.879112	0.001455	5.6
1087	-0.817621	338.220216	108.000322	0.001444	5.4
1088	-0.804919	337.816691	108.121779	0.001490	5.0
1089	-0.819997	337.416134	108.242614	0.001625	5.0
1090	-0.825128	338.416101	107.941461	0.001307	4.9
1091	-0.838154	339.416100	107.641970	0.001427	4.8
1092	-0.825240	339.012491	107.762647	0.001499	4.9
1093	-0.826538	338.608881	107.883596	0.001333	5.1
1094	-0.828883	338.205294	108.004809	0.001375	5.0
1095	-0.826892	339.188229	107.710069	0.001295	5.1
1096	-0.811215	339.663465	107.568143	0.001351	4.9
1097	-0.805510	340.661875	107.271188	0.001489	4.9
1098	-0.808343	340.258361	107.391007	0.001544	5.4
1099	-0.845155	341.258361	107.094558	0.001936	4.9
1100	-0.832497	342.258361	106.799742	0.001788	4.8
1101	-0.783294	341.854751	106.918537	0.001382	5.4
1102	-0.813357	342.854751	106.624687	0.001847	4.9
1103	-0.816327	343.854751	106.332449	0.002034	5.1
1104	-0.846118	344.854751	106.041807	0.001403	5.6
1105	-0.822892	344.451142	106.158922	0.002281	5.4
1106	-0.829653	344.047532	106.276295	0.001542	5.2
1107	-0.835056	345.047532	105.985960	0.001740	5.0
1108	-0.816105	346.030988	105.701972	0.001326	4.9
1109	-0.802079	347.027597	105.415734	0.001298	5.2
1110	-0.833920	346.977880	105.429976	0.001341	4.9
1111	-0.825573	346.584886	105.542694	0.002606	5.1
1112	-0.830562	347.584599	105.256430	0.001894	4.9
1113	-0.815878	347.180990	105.371815	0.001610	5.2
1114	-0.833678	346.777380	105.487453	0.001657	5.1
1115	-0.819836	347.777380	105.201406	0.001636	4.7
1116	-0.812833	347.535663	105.270407	0.001436	4.9
1117	-0.846334	348.535659	104.985536	0.001857	5.2
1118	-0.820783	348.132049	105.100327	0.001541	5.0
1119	-0.823301	349.132049	104.816373	0.001396	5.2
1120	-0.836475	349.735340	104.645808	0.001692	5.0
1121	-0.798839	350.735340	104.364301	0.001408	5.2
1122	-0.838377	350.331731	104.477738	0.001786	5.0
1123	-0.814018	351.331731	104.197134	0.001859	5.2
1124	-0.810993	350.928121	104.310206	0.001496	4.8
1125	-0.843746	350.524512	104.423525	0.001761	5.0
1126	-0.814440	350.180976	104.520171	0.001832	4.7
1127	-0.826223	349.777366	104.633947	0.001732	5.6
1128	-0.830072	350.777366	104.352504	0.001467	5.6
1129	-0.828765	351.777366	104.072572	0.001828	5.3
1130	-0.815314	351.373757	104.185374	0.001198	4.8
1131	-0.827320	350.981625	104.295203	0.001266	5.0
1132	-0.835214	351.353691	104.190988	0.001536	5.0
1133	-0.827843	352.187268	103.958260	0.001775	5.4
1134	-0.826388	352.137527	103.972118	0.001773	5.0
1135	-0.806487	351.733918	104.084703	0.002145	5.3
1136	-0.802424	352.733918	103.806203	0.001364	5.2
1137	-0.806575	353.733913	103.529192	0.001838	5.5
1138	-0.809378	353.330305	103.640818	0.001250	5.2
1139	-0.791495	354.330305	103.364686	0.001331	5.0
1140	-0.796730	355.257582	103.109946	0.001295	5.4
1141	-0.818728	354.992115	103.182746	0.002257	5.1
1142	-0.802896	354.588506	103.293627	0.001320	5.2
1143	-0.818013	355.588492	103.019343	0.002320	5.6
1144	-0.787437	356.588491	102.746508	0.001839	5.3
1145	-0.806980	357.588473	102.475120	0.001646	5.4
1146	-0.804158	357.540063	102.488225	0.001185	5.2
1147	-0.816617	357.136456	102.597616	0.001612	5.1
1148	-0.803215	358.136456	102.327008	0.001550	5.1
1149	-0.825894	359.136454	102.057823	0.001463	5.2
1150	-0.812737	359.387947	101.990348	0.001861	5.3
1151	-0.839662	359.368289	101.995619	0.001360	5.7
1152	-0.837042	360.367760	101.728314	0.002293	5.3
1153	-0.809762	361.138882	101.523035	0.001905	5.9
1154	-0.835350	362.138880	101.258058	0.001155	5.3
1155	-0.838148	363.138821	100.994476	0.001773	5.1
1156	-0.797124	362.735212	101.100702	0.001604	5.0
1157	-0.835967	362.347128	101.203051	0.002221	5.0
1158	-0.821857	363.347128	100.939740	0.001548	5.5
1159	-0.819938	363.881551	100.799581	0.001717	5.4
1160	-0.834649	363.477942	100.905396	0.001420	5.3
1161	-0.821509	363.074334	101.011434	0.001413	5.2
1162	-0.828353	364.017320	100.764036	0.001309	4.9
1163	-0.846321	363.613752	100.869766	0.001340	5.3
1164	-0.797076	363.396601	100.926749	0.001423	5.3
1165	-0.813042	363.005617	101.029509	0.001920	4.8
1166	-0.818959	362.602008	101.135808	0.001221	5.1
1167	-0.851408	363.601358	100.873016	0.001916	4.9
1168	-0.795253	364.601356	100.611418	0.001348	6.3
1169	-0.823240	364.455757	100.649422	0.001230	5.9
1170	-0.812499	364.052156	100.754920	0.001590	5.8
1171	-0.829650	363.648618	100.860623	0.001997	5.6
1172	-0.847866	363.245008	100.966566	0.002741	5.3
1173	-0.820447	364.245008	100.704482	0.001921	5.1
1174	-0.810315	365.245008	100.443755	0.001401	5.6
1175	-0.819326	366.245008	100.184375	0.001903	5.2
1176	-0.826484	365.841399	100.288902	0.001544	5.2
1177	-0.808072	365.437789	100.393647	0.001381	5.2
1178	-0.796111	365.631057	100.343463	0.001664	5.0
1179	-0.810726	365.227447	100.448322	0.001558	5.4
1180	-0.822234	364.823838	100.553401	0.002025	5.4
1181	-0.826914	364.420228	100.658700	0.001986	5.2
1182	-0.839471	365.420228	100.398210	0.002191	5.1
1183	-0.810082	366.420228	100.139064	0.001565	5.5
1184	-0.832381	366.016619	100.243497	0.001316	5.1
1185	-0.791662	367.015736	99.985376	0.002277	5.1
1186	-0.844711	366.612126	100.089488	0.001824	5.9
1187	-0.837413	367.612126	99.831931	0.001988	5.3
1188	-0.821493	368.612126	99.575697	0.002683	5.0
1189	-0.825036	368.208517	99.678957	0.002928	5.2
1190	-0.852993	369.208517	99.423507	0.001599	5.5
1191	-0.817698	370.208517	99.169362	0.001331	5.5
1192	-0.830805	369.804907	99.271781	0.001523	5.5
1193	-0.853587	370.804906	99.018411	0.001494	5.7
1194	-0.835142	370.745328	99.033470	0.001511	5.4
1195	-0.832630	371.720431	98.787575	0.001266	5.2
1196	-0.825185	372.720431	98.536667	0.001608	5.1
1197	-0.809725	373.720431	98.287031	0.001478	5.6
1198	-0.797826	374.720431	98.038656	0.002196	5.3
1199	-0.817588	375.720431	97.791533	0.001856	5.3
1200	-0.810113	375.316821	97.891124	0.001346	5.5
1201	-0.830978	374.913244	97.990910	0.001417	5.2
1202	-0.804099	374.509811	98.090864	0.001188	5.6
1203	-0.825763	374.106375	98.191023	0.001206	5.5
1204	-0.814818	373.702797	98.291422	0.001738	5.3
1205	-0.801067	373.707370	98.290283	0.001730	5.2
1206	-0.822210	374.707370	98.041892	0.001713	5.4
1207	-0.809812	374.303760	98.141994	0.002430	5.6
1208	-0.808606	373.900153	98.242300	0.001386	5.8
1209	-0.820367	373.498413	98.342345	0.001347	5.4
1210	-0.807651	373.295318	98.393000	0.002396	5.2
1211	-0.837061	372.892007	98.493745	0.002417	5.4
1212	-0.815849	373.892007	98.244326	0.001484	5.0
1213	-0.843891	373.488398	98.344842	0.001379	5.6
1214	-0.825083	374.488322	98.096194	0.001411	5.2
1215	-0.821720	374.104701	98.191439	0.001653	5.2
1216	-0.797273	375.104664	97.943555	0.001747	5.0
1217	-0.849657	376.104664	97.696911	0.002366	5.4
1218	-0.828022	377.104663	97.451506	0.001862	5.2
1219	-0.791728	376.701054	97.550406	0.001816	6.1
1220	-0.821386	377.701054	97.305735	0.001421	5.1
1221	-0.795645	378.026120	97.226465	0.001650	5.3
1222	-0.813699	379.016589	96.985725	0.001615	5.4
1223	-0.818980	380.016463	96.743906	0.001614	5.3
1224	-0.833907	381.012777	96.504144	0.001472	5.6
1225	-0.821243	382.012777	96.264688	0.001497	5.3
1226	-0.819906	381.662657	96.348391	0.001645	5.3
1227	-0.821347	382.662657	96.109705	0.001763	5.2
1228	-0.823185	383.662657	95.872200	0.001200	5.1
1229	-0.832966	384.662584	95.635882	0.001675	5.2
1230	-0.798074	384.258987	95.731126	0.001479	5.2
1231	-0.830768	383.880674	95.820575	0.002445	5.5
1232	-0.819349	383.477065	95.916190	0.002036	5.2
1233	-0.811827	383.073455	96.011996	0.001333	5.5
1234	-0.812894	382.794235	96.078388	0.001335	5.6
1235	-0.819210	383.026529	96.023148	0.001986	5.4
1236	-0.803923	383.953503	95.803342	0.001734	4.9
1237	-0.840184	384.953503	95.567346	0.001403	4.8
1238	-0.818459	385.953503	95.332510	0.001633	4.1
1239	-0.832246	386.952495	95.099061	0.001749	4.4
1240	-0.810869	386.548885	95.193241	0.001388	4.6
1241	-0.828333	386.145276	95.287607	0.001689	4.9
1242	-0.829567	387.057264	95.074644	0.002213	5.2
1243	-0.832937	388.057264	94.842220	0.001607	5.0
1244	-0.806342	388.351499	94.774049	0.001180	5.1
1245	-0.814904	389.343913	94.544839	0.001743	4.9
1246	-0.819123	390.343528	94.315083	0.001152	4.9
1247	-0.831960	391.343049	94.086463	0.001508	4.9
1248	-0.826940	390.942932	94.177849	0.001577	5.2
1249	-0.847670	390.539474	94.270177	0.001437	5.3
1250	-0.838760	390.135924	94.362708	0.001709	5.2
1251	-0.825715	389.742253	94.453149	0.001351	5.2
1252	-0.811036	390.742252	94.223750	0.001252	4.9
1253	-0.810808	390.339144	94.316089	0.001682	5.0
1254	-0.797950	391.339144	94.087354	0.001445	5.2
1255	-0.827440	390.948212	94.176642	0.001690	5.5
1256	-0.836606	391.948212	93.948582	0.001806	5.2
1257	-0.807241	392.948212	93.721625	0.001368	5.1
1258	-0.822453	392.544776	93.813056	0.001939	4.9
1259	-0.848807	392.141167	93.904704	0.002183	5.8
1260	-0.836002	391.737557	93.996532	0.002240	5.7
1261	-0.815295	391.333948	94.088540	0.001869	5.3
1262	-0.834588	392.333948	93.860907	0.001989	4.9
1263	-0.824904	391.930338	93.952649	0.001954	5.0
1264	-0.822220	391.526729	94.044571	0.001504	5.4
1265	-0.839488	392.526729	93.817150	0.001271	5.2
1266	-0.843820	392.126146	93.908119	0.002263	5.6
1267	-0.824484	391.722537	93.999953	0.001678	6.3
1268	-0.803534	392.722536	93.772748	0.001641	5.0
1269	-0.827403	393.722536	93.546638	0.001659	5.0
1270	-0.831942	394.722536	93.321617	0.001280	5.3
1271	-0.849652	395.722527	93.097677	0.001431	5.5
1272	-0.839507	396.691416	92.881725	0.001392	5.0
1273	-0.832847	396.287815	92.971560	0.001544	5.1
1274	-0.840153	397.287814	92.749293	0.001623	5.0
1275	-0.826702	396.885373	92.838615	0.001522	4.9
1276	-0.810585	397.713117	92.655084	0.001313	5.1
1277	-0.819936	397.309528	92.744479	0.001415	5.0
1278	-0.829910	396.914062	92.832241	0.001426	5.5
1279	-0.814569	396.517679	92.920375	0.001626	4.8
1280	-0.803367	396.114069	93.010287	0.001327	4.9
1281	-0.824239	397.113810	92.787892	0.001196	4.9
1282	-0.845379	398.084191	92.573044	0.001928	5.1
1283	-0.822849	398.620331	92.454765	0.001506	5.3
1284	-0.806849	399.620318	92.234962	0.001289	5.5
1285	-0.812373	399.404669	92.282275	0.001396	5.0
1286	-0.803283	400.287203	92.088957	0.001692	4.9
1287	-0.838840	399.883593	92.177266	0.002095	4.9
1288	-0.820533	399.479990	92.265744	0.001278	5.2
1289	-0.825147	399.102713	92.348604	0.001488	5.4
1290	-0.833517	400.102320	92.129388	0.001842	5.1
1291	-0.812860	399.698710	92.217775	0.001437	5.1
1292	-0.822759	400.698708	91.999094	0.001417	5.5
1293	-0.814900	400.295902	92.087056	0.001135	5.0
1294	-0.818597	399.892296	92.175360	0.001293	6.6
1295	-0.834447	399.882496	92.177507	0.002010	5.3
1296	-0.804397	399.478887	92.265986	0.001465	5.3
1297	-0.832186	400.478887	92.047076	0.001342	5.0
1298	-0.798413	400.075469	92.135263	0.001221	5.1
1299	-0.849006	401.043009	91.924042	0.001813	5.0
1300	-0.792973	402.043008	91.706749	0.001728	5.1
1301	-0.833805	401.639399	91.794327	0.001629	5.3
1302	-0.796473	401.235789	91.882072	0.002138	5.3
1303	-0.812045	400.832179	91.969985	0.001414	5.1
1304	-0.827732	401.828185	91.753342	0.001579	5.3
1305	-0.835837	402.828185	91.536855	0.001637	5.0
1306	-0.817959	403.828176	91.321389	0.002107	5.6
1307	-0.804201	404.828176	91.106933	0.001828	5.6
1308	-0.839865	404.424566	91.193368	0.001806	5.2
1309	-0.798534	404.020957	91.279967	0.001486	5.0
1310	-0.845532	404.612796	91.153037	0.001504	5.0
1311	-0.798350	404.209203	91.239557	0.001659	5.2
1312	-0.798266	405.209203	91.025484	0.001478	5.0
1313	-0.810110	406.209201	90.812415	0.001577	5.3
1314	-0.826301	405.805592	90.898292	0.001517	6.0
1315	-0.828333	406.804021	90.686149	0.001379	5.2
1316	-0.817862	406.761097	90.695249	0.001243	4.9
1317	-0.827985	407.575960	90.522807	0.001529	5.0
1318	-0.827475	407.172350	90.608137	0.001704	5.2
1319	-0.844207	406.768741	90.693628	0.001676	5.0
1320	-0.827016	407.768524	90.482153	0.001660	5.0
1321	-0.828648	407.365676	90.567245	0.001274	4.9
1322	-0.839399	406.962068	90.652658	0.001259	5.0
1323	-0.822693	406.566833	90.736456	0.001705	5.3
1324	-0.799896	407.561772	90.525804	0.001679	5.2
1325	-0.822384	407.158162	90.611140	0.001656	6.1
1326	-0.808291	406.754553	90.696636	0.002224	5.3
1327	-0.811398	406.350943	90.782294	0.001293	5.1
1328	-0.808842	405.961175	90.865168	0.002001	5.3
1329	-0.829463	406.961175	90.652847	0.002296	5.7
1330	-0.814674	407.961175	90.441516	0.001920	5.2
1331	-0.845269	408.961175	90.231168	0.001692	5.3
1332	-0.822090	408.557566	90.315949	0.001588	5.1
1333	-0.842040	409.557566	90.106184	0.001721	5.3
1334	-0.827808	409.154304	90.190657	0.002208	5.5
1335	-0.824985	410.154304	89.981472	0.001347	5.5
1336	-0.823475	411.151273	89.773886	0.002063	5.2
1337	-0.829929	412.151273	89.566628	0.001263	5.8
1338	-0.810248	411.747664	89.650164	0.001395	5.3
1339	-0.812906	412.260145	89.544122	0.001646	5.3
1340	-0.835626	413.260145	89.337922	0.001400	5.5
1341	-0.829034	414.258797	89.132947	0.001680	5.5
1342	-0.803890	415.258697	88.928655	0.001817	5.4
1343	-0.822854	415.867525	88.804722	0.001830	5.0
1344	-0.814790	415.463915	88.886842	0.003978	5.4
1345	-0.837011	416.463915	88.683655	0.001636	5.4
1346	-0.809852	417.463915	88.481395	0.001541	5.3
1347	-0.815517	417.060306	88.562918	0.002432	5.8
1348	-0.796564	416.656696	88.644592	0.001611	6.6
1349	-0.800280	416.253087	88.726416	0.001866	6.0
1350	-0.848540	417.253087	88.523961	0.001299	6.0
1351	-0.827802	418.253083	88.322429	0.001546	6.2
1352	-0.821474	417.849495	88.403654	0.001344	6.7
1353	-0.827601	418.849454	88.202677	0.001738	5.2
1354	-0.834775	418.514793	88.269837	0.001472	5.2
1355	-0.813111	419.514793	88.069458	0.001775	5.3
1356	-0.825158	419.111183	88.150223	0.001442	5.5
1357	-0.863190	418.707574	88.231137	0.001850	6.5
1358	-0.836065	419.707574	88.030933	0.001800	6.1
1359	-0.828169	419.303964	88.111628	0.001324	6.5
1360	-0.822403	418.900355	88.192471	0.002075	5.6
1361	-0.838141	419.878176	87.996869	0.001267	8.2
1362	-0.819397	420.320589	87.908654	0.001349	5.7
1363	-0.826956	419.916980	87.989125	0.002139	5.8
1364	-0.861926	420.916980	87.790017	0.001876	5.5
1365	-0.845187	421.916980	87.591808	0.001317	5.5
1366	-0.817071	421.513373	87.671699	0.001647	5.8
1367	-0.819537	421.109765	87.751735	0.002322	5.8
1368	-0.835109	420.706170	87.831916	0.001787	5.7
1369	-0.816538	421.706170	87.633518	0.001852	5.5
1370	-0.839377	422.705473	87.436152	0.001287	5.1
1371	-0.826377	423.597488	87.260725	0.001746	5.5
1372	-0.817974	423.193878	87.340013	0.001529	6.7
1373	-0.812117	424.190463	87.144497	0.001305	6.2
1374	-0.832243	423.786858	87.223573	0.001671	14.6
1375	-0.834867	424.778541	87.029535	0.002156	6.4
1376	-0.814589	425.778541	86.834741	0.001784	6.3
1377	-0.822138	426.778541	86.640818	0.001501	6.4
1378	-0.806880	426.374931	86.718983	0.002285	5.4
1379	-0.820613	427.374924	86.525577	0.001218	7.0
1380	-0.793152	426.971315	86.603534	0.001842	7.7
1381	-0.825832	426.567705	86.681632	0.001831	5.8
1382	-0.822451	426.164096	86.759871	0.002034	6.3
1383	-0.821956	425.760486	86.838251	0.001642	6.0
1384	-0.819221	425.356877	86.916773	0.001316	6.1
1385	-0.825624	424.953267	86.995436	0.001652	6.4
1386	-0.824595	425.376071	86.913035	0.001497	6.2
1387	-0.826024	426.376071	86.718762	0.001625	6.2
1388	-0.835193	427.376071	86.525356	0.001470	5.9
1389	-0.808372	427.599116	86.482335	0.001688	9.3
1390	-0.819698	427.195506	86.560214	0.001908	7.2
1391	-0.801024	428.195506	86.367514	0.001848	7.0
1392	-0.836386	427.791897	86.445186	0.001280	6.9
1393	-0.807646	427.388287	86.522998	0.001617	6.6
1394	-0.817885	426.984683	86.600950	0.001518	8.2
1395	-0.841121	426.581074	86.679043	0.001530	6.0
1396	-0.821241	426.178205	86.757133	0.002076	6.7
1397	-0.842749	425.774596	86.835508	0.001559	5.8
1398	-0.831916	425.373302	86.913574	0.001337	6.3
1399	-0.819078	424.969693	86.992232	0.002198	7.1
1400	-0.811187	425.969692	86.797606	0.001502	5.7
1401	-0.827342	425.566082	86.876054	0.001082	5.9
1402	-0.831006	426.541430	86.686721	0.002119	5.6
1403	-0.806326	427.541429	86.493458	0.001532	5.9
1404	-0.830932	428.541429	86.301054	0.001597	7.0
1405	-0.822966	429.541429	86.109504	0.001396	5.8
1406	-0.825032	429.138081	86.186663	0.001610	6.0
1407	-0.834821	430.138081	85.995620	0.002585	6.3
1408	-0.832250	429.734471	86.072625	0.001641	6.4
1409	-0.814722	429.330862	86.149768	0.001651	8.6
1410	-0.827952	428.927252	86.227049	0.001691	6.7
1411	-0.831588	429.884047	86.044071	0.001839	5.8
1412	-0.795120	429.480437	86.121163	0.001671	5.6
1413	-0.872642	430.404554	85.944855	0.001799	6.7
1414	-0.785509	431.404554	85.754882	0.001251	5.8
1415	-0.825013	432.404554	85.565746	0.001371	5.8
1416	-0.807283	432.099825	85.623293	0.001527	5.7
1417	-0.833897	431.726069	85.693981	0.001130	5.9
1418	-0.833889	432.710532	85.508042	0.001259	5.9
1419	-0.835062	432.306932	85.584174	0.001899	6.3
1420	-0.818936	433.306932	85.395789	0.001512	6.1
1421	-0.821902	432.909634	85.470535	0.001462	7.7
1422	-0.851316	433.909634	85.282650	0.001572	7.9
1423	-0.797106	434.909634	85.095590	0.001931	7.2
1424	-0.823975	434.506044	85.170986	0.002376	5.6
1425	-0.818938	434.102434	85.246521	0.002198	6.3
1426	-0.831088	435.102434	85.059619	0.001613	6.1
1427	-0.852869	434.698825	85.134955	0.001703	5.7
1428	-0.828448	435.698825	84.948542	0.002254	5.7
1429	-0.830285	435.295215	85.023682	0.001534	5.9
1430	-0.827547	434.891606	85.098955	0.001562	6.5
1431	-0.828444	434.487996	85.174361	0.001662	5.8
1432	-0.835971	434.084401	85.249899	0.001327	5.8
1433	-0.829001	435.070605	85.065555	0.001173	5.7
1434	-0.846763	434.668818	85.140562	0.001683	5.9
1435	-0.821196	434.265209	85.216042	0.001822	5.7
1436	-0.839069	433.861599	85.291656	0.001351	6.4
1437	-0.833109	433.457990	85.367405	0.001769	6.2
1438	-0.818752	434.457990	85.179973	0.001798	5.6
1439	-0.823799	435.457990	84.993362	0.001539	6.6
1440	-0.828778	436.457967	84.807571	0.001229	5.7
1441	-0.823541	436.054647	84.882408	0.002471	6.9
1442	-0.834366	435.815400	84.926863	0.001567	5.6
1443	-0.824955	435.411791	85.001965	0.001648	5.6
1444	-0.851415	435.008181	85.077200	0.001620	5.9
1445	-0.819812	435.722057	84.944220	0.001446	7.8
1446	-0.823098	435.336899	85.015915	0.001461	6.3
1447	-0.800847	434.933650	85.091107	0.001394	11.8
1448	-0.836869	434.530342	85.166443	0.001905	8.6
1449	-0.807377	435.505370	84.984540	0.001066	5.8
1450	-0.856596	435.101763	85.059744	0.001556	6.8
1451	-0.803846	436.087669	84.876276	0.002344	6.4
1452	-0.811337	435.684060	84.951288	0.002803	9.0
1453	-0.850287	435.280450	85.026433	0.001742	7.1
1454	-0.811618	436.280450	84.840494	0.001693	8.2
1455	-0.813130	437.280373	84.655380	0.003414	8.5
1456	-0.821340	436.876763	84.730002	0.001457	4.9
1457	-0.828716	436.473153	84.804756	0.001342	5.9
1458	-0.832697	437.473127	84.619789	0.001904	6.1
1459	-0.837205	437.069543	84.694343	0.002150	5.9
1460	-0.816273	438.069543	84.509852	0.001496	5.7
1461	-0.828746	437.665933	84.584218	0.001942	5.5
1462	-0.830276	437.262325	84.658714	0.002252	5.6
1463	-0.837891	438.262325	84.474378	0.001603	5.7
1464	-0.845162	439.262325	84.290842	0.001457	5.7
1465	-0.807253	438.861553	84.364302	0.001367	5.3
1466	-0.837042	438.487545	84.432972	0.001516	5.4
1467	-0.834146	439.484233	84.250222	0.001730	5.4
1468	-0.820873	439.080640	84.324129	0.002087	5.5
1469	-0.832837	438.677030	84.398168	0.001732	5.3
1470	-0.798654	439.677030	84.214963	0.001823	5.5
1471	-0.808342	439.273421	84.288810	0.001384	5.9
1472	-0.819441	438.869813	84.362787	0.001526	5.3
1473	-0.820904	439.856981	84.182080	0.001814	5.1
1474	-0.817779	440.854835	84.000201	0.001739	5.2
1475	-0.835219	441.854651	83.818752	0.001429	5.4
1476	-0.828341	441.451042	83.891906	0.001672	5.9
1477	-0.817691	442.451042	83.710890	0.003144	5.7
1478	-0.799191	442.047432	83.783855	0.001651	5.6
1479	-0.838207	443.047432	83.603305	0.001901	5.5
1480	-0.825235	442.643823	83.676083	0.001405	5.3
1481	-0.862590	442.251645	83.746921	0.001544	4.9
1482	-0.833395	441.896979	83.811087	0.002642	5.2
1483	-0.847871	442.896979	83.630420	0.002862	5.6
1484	-0.823166	442.493369	83.703245	0.001552	5.7
1485	-0.826070	442.089760	83.776197	0.001445	5.2
1486	-0.834879	443.089760	83.595680	0.002428	5.2
1487	-0.836865	442.686150	83.668445	0.001758	5.3
1488	-0.833483	443.686150	83.488391	0.002591	9.1
1489	-0.812896	444.686150	83.309111	0.002014	5.4
1490	-0.829839	445.686150	83.130599	0.001533	5.3
1491	-0.809613	446.681132	82.953740	0.001383	5.6
1492	-0.844925	447.667916	82.779080	0.001301	5.5
1493	-0.836721	447.288886	82.846081	0.001802	5.8
1494	-0.815718	446.886207	82.917381	0.001371	5.6
1495	-0.828597	446.483288	82.988847	0.002004	5.6
1496	-0.807772	446.079678	83.060559	0.002084	5.6
1497	-0.803109	447.079678	82.883109	0.001443	5.7
1498	-0.818180	448.079678	82.706416	0.001616	6.6
1499	-0.840668	449.079678	82.530475	0.001647	5.9
1500	-0.815576	448.676069	82.601396	0.001522	5.7
1501	-0.829204	448.272507	82.672431	0.001542	6.8
1502	-0.839294	447.868911	82.743595	0.001465	5.7
1503	-0.834989	448.868911	82.567495	0.001482	6.2
1504	-0.814584	449.842587	82.396750	0.001671	5.9
1505	-0.824057	450.842587	82.222123	0.001720	5.8
1506	-0.826454	451.562835	82.096805	0.001533	5.8
1507	-0.810434	451.207318	82.158615	0.001552	5.8
1508	-0.827776	452.207318	81.984994	0.001475	5.9
1509	-0.858637	451.803813	82.054962	0.001788	6.1
1510	-0.815339	452.803813	81.881779	0.001348	5.8
1511	-0.816250	452.784057	81.885193	0.001577	5.9
1512	-0.820715	452.380454	81.955008	0.001440	5.8
1513	-0.808551	451.976844	82.024944	0.001422	5.6
1514	-0.838580	451.574054	82.094856	0.001773	5.9
1515	-0.816848	451.170444	82.165031	0.001543	5.9
1516	-0.828245	450.766835	82.235325	0.001659	5.8
1517	-0.813628	451.766404	82.061455	0.001254	6.8
1518	-0.836559	451.362900	82.131554	0.001415	5.7
1519	-0.817783	452.362899	81.958048	0.001592	5.6
1520	-0.819974	451.959290	82.027988	0.001380	5.8
1521	-0.820517	451.556830	82.097849	0.002504	5.8
1522	-0.828470	451.153237	82.168025	0.001297	6.0
1523	-0.817335	452.153237	81.994365	0.002398	5.7
1524	-0.837384	453.153237	81.821437	0.002612	5.8
1525	-0.804635	452.749627	81.891144	0.001533	6.1
1526	-0.830355	453.749627	81.718651	0.001228	6.0
1527	-0.810071	454.749260	81.546946	0.001953	5.8
1528	-0.812855	455.749260	81.375898	0.001371	5.7
1529	-0.846270	455.345651	81.444848	0.001834	5.7
1530	-0.836152	454.955461	81.511617	0.001651	5.8
1531	-0.844402	455.955461	81.340717	0.002251	6.0
1532	-0.824491	455.551851	81.409607	0.001592	5.8
1533	-0.820571	455.148284	81.478607	0.001643	5.6
1534	-0.815371	454.744675	81.547732	0.001568	5.9
1535	-0.808392	454.341065	81.616973	0.001760	5.8
1536	-0.840816	455.341065	81.445632	0.001592	5.8
1537	-0.855439	454.938736	81.514481	0.001706	5.6
1538	-0.813385	454.535127	81.583666	0.002377	5.8
1539	-0.802506	454.131517	81.652969	0.001453	6.1
1540	-0.819892	453.727908	81.722390	0.001349	5.9
1541	-0.838251	453.324458	81.791901	0.001683	5.8
1542	-0.820986	454.324450	81.619827	0.001979	7.5
1543	-0.817538	453.920946	81.689173	0.001399	5.7
1544	-0.812056	453.517336	81.758655	0.001358	5.8
1545	-0.814730	454.517336	81.586719	0.001270	5.8
1546	-0.826294	455.517336	81.415504	0.002216	6.9
1547	-0.815869	455.113726	81.484521	0.001308	5.7
1548	-0.839998	454.710118	81.553656	0.001476	5.7
1549	-0.819127	454.306869	81.622845	0.001767	5.7
1550	-0.786686	453.903260	81.692215	0.001501	5.8
1551	-0.836042	454.686484	81.557707	0.001877	5.8
1552	-0.800021	454.282876	81.626966	0.001338	5.7
1553	-0.819251	453.881887	81.695891	0.001118	5.7
1554	-0.846572	453.480386	81.765022	0.001631	5.7
1555	-0.842618	453.121854	81.826853	0.002040	5.7
1556	-0.803986	452.718245	81.896569	0.001260	6.3
1557	-0.828031	452.314635	81.966405	0.002063	6.2
1558	-0.823119	452.460360	81.941177	0.001536	6.0
1559	-0.832231	453.460360	81.768473	0.001567	6.0
1560	-0.821188	454.460349	81.596497	0.002136	5.7
1561	-0.810299	455.460349	81.425242	0.001781	5.8
1562	-0.810231	455.056756	81.494273	0.001356	5.7
1563	-0.840551	454.653147	81.563424	0.001374	5.7
1564	-0.822172	454.853974	81.529001	0.003140	5.8
1565	-0.825776	454.450400	81.598205	0.001449	6.1
1566	-0.829328	454.046790	81.667532	0.001322	5.7
1567	-0.828398	455.043367	81.496565	0.001537	6.0
1568	-0.839218	454.639759	81.565719	0.001634	6.0
1569	-0.842510	454.236159	81.634990	0.001934	5.6
1570	-0.815131	455.236159	81.463573	0.001445	5.7
1571	-0.790146	454.832551	81.532672	0.001338	5.9
1572	-0.812646	454.432167	81.601334	0.001570	5.9
1573	-0.833982	455.432167	81.430058	0.001376	5.8
1574	-0.787802	456.418863	81.261764	0.001963	6.0
1575	-0.826819	457.418863	81.091909	0.001496	5.8
1576	-0.837297	457.021134	81.159381	0.001817	6.0
1577	-0.826359	458.021134	80.989953	0.001397	5.9
1578	-0.817991	458.564476	80.898192	0.001486	5.7
1579	-0.857023	459.564043	80.729925	0.001893	6.3
1580	-0.810827	460.564043	80.562284	0.001501	5.9
1581	-0.833121	460.160433	80.629862	0.001439	7.5
1582	-0.806021	459.756824	80.697553	0.001100	6.2
1583	-0.800752	459.490923	80.742210	0.001521	6.8
1584	-0.797775	459.167384	80.796615	0.001467	6.2
1585	-0.831718	458.764704	80.864429	0.001603	6.5
1586	-0.829857	459.764704	80.696230	0.001555	9.7
1587	-0.851947	460.764704	80.528729	0.002204	5.9
1588	-0.846140	461.756452	80.363295	0.001798	5.9
1589	-0.825380	462.756452	80.197171	0.001416	5.9
1590	-0.812670	463.756448	80.031734	0.001592	6.8
1591	-0.810577	463.352839	80.098424	0.001263	7.5
1592	-0.828801	462.949229	80.165225	0.001377	6.5
1593	-0.819263	462.545620	80.232138	0.001397	6.5
1594	-0.813415	462.182220	80.292481	0.002220	6.4
1595	-0.837812	461.778611	80.359606	0.001651	5.9
1596	-0.831570	462.778611	80.193498	0.001771	7.7
1597	-0.827835	463.778611	80.028075	0.002369	5.8
1598	-0.846616	464.778610	79.863333	0.001801	7.1
1599	-0.828949	465.778610	79.699268	0.001483	6.3
1600	-0.820029	465.375362	79.765346	0.002019	6.0
1601	-0.828913	464.971753	79.831593	0.001618	6.8
1602	-0.815306	464.568143	79.897950	0.001425	6.1
1603	-0.822054	464.170173	79.963488	0.002498	7.4
1604	-0.836850	465.170173	79.799011	0.001335	6.0
1605	-0.852923	464.991614	79.828330	0.001493	6.0
1606	-0.830819	465.648727	79.720540	0.002543	6.1
1607	-0.831771	466.648727	79.557060	0.001795	6.6
1608	-0.825748	466.245117	79.622961	0.001850	8.0
1609	-0.836439	467.245114	79.459882	0.001365	7.3
1610	-0.833618	466.965922	79.505345	0.002520	7.7
1611	-0.814913	467.965922	79.342746	0.001897	6.1
1612	-0.808850	468.965922	79.180811	0.001443	6.0
1613	-0.803548	469.965922	79.019536	0.002423	6.7
1614	-0.815866	470.965912	78.858917	0.001599	6.1
1615	-0.836191	470.757068	78.892408	0.001648	6.1
1616	-0.834134	471.757068	78.732304	0.001371	6.8
1617	-0.828730	471.353459	78.796845	0.001365	5.9
1618	-0.821121	471.103582	78.836856	0.001974	6.8
1619	-0.811952	472.098033	78.677862	0.001668	5.9
1620	-0.812552	471.694424	78.742314	0.001462	6.1
1621	-0.829956	471.290814	78.806872	0.001496	6.5
1622	-0.809862	472.290814	78.647114	0.001641	6.5
1623	-0.839112	471.887204	78.711516	0.001620	6.8
1624	-0.832115	471.483597	78.776023	0.002379	5.9
1625	-0.856987	471.079987	78.840636	0.002589	6.5
1626	-0.808020	472.079987	78.680742	0.003090	7.3
1627	-0.804087	471.676378	78.745198	0.001950	5.8
1628	-0.832091	471.272768	78.809761	0.001464	6.5
1629	-0.810956	470.913598	78.867304	0.001797	5.9
1630	-0.818594	471.913598	78.707301	0.001692	6.3
1631	-0.823754	472.913594	78.547948	0.001577	6.7
1632	-0.833783	472.509984	78.612187	0.001845	5.9
1633	-0.840356	472.106375	78.676531	0.001468	6.5
1634	-0.821262	471.702765	78.740981	0.001563	6.3
1635	-0.831227	471.299156	78.805537	0.001581	6.1
1636	-0.830091	472.299156	78.645784	0.002212	7.2
1637	-0.828341	473.299156	78.486679	0.001358	6.3
1638	-0.821933	474.296783	78.328591	0.002060	6.8
1639	-0.802697	473.962395	78.381508	0.001169	6.1
1640	-0.823260	473.559679	78.445334	0.001316	6.3
1641	-0.842040	474.435862	78.306603	0.001776	6.3
1642	-0.829697	474.032258	78.370446	0.001745	6.0
1643	-0.831042	475.032258	78.212452	0.001456	6.1
1644	-0.810988	474.631138	78.275750	0.002328	6.6
1645	-0.810936	474.227529	78.339545	0.001637	6.5
1646	-0.827271	473.823919	78.403443	0.001864	6.3
1647	-0.804808	473.420310	78.467446	0.001660	6.4
1648	-0.823372	473.016700	78.531554	0.001818	6.1
1649	-0.788740	474.016700	78.372910	0.002113	6.5
1650	-0.820507	473.613091	78.436863	0.001592	6.1
1651	-0.815784	474.613091	78.278600	0.002564	7.4
1652	-0.815493	475.060333	78.208025	0.001175	5.9
1653	-0.825348	475.060991	78.207922	0.001474	6.2
1654	-0.814638	474.657391	78.271604	0.001439	6.7
1655	-0.848912	474.265728	78.333502	0.001751	6.3
1656	-0.831691	473.862119	78.397391	0.001554	8.3
1657	-0.830388	473.458509	78.461384	0.001711	6.0
1658	-0.823552	473.070298	78.523035	0.001686	6.7
1659	-0.827128	472.666688	78.587233	0.001585	6.4
1660	-0.828864	472.268180	78.650723	0.001580	6.3
1661	-0.801826	473.268180	78.491598	0.001455	6.7
1662	-0.837330	472.864570	78.555745	0.001428	6.1
1663	-0.826730	472.461797	78.619863	0.001569	6.0
1664	-0.831288	473.461780	78.460865	0.001805	6.7
1665	-0.821610	473.058199	78.524958	0.001471	7.1
1666	-0.819242	474.058155	78.366347	0.001763	6.8
1667	-0.827425	474.950524	78.225342	0.001622	7.2
1668	-0.822748	475.934944	78.070378	0.001372	7.9
1669	-0.825288	475.531337	78.133838	0.001778	6.6
1670	-0.810211	476.531337	77.976795	0.001540	8.3
1671	-0.852416	477.531303	77.820387	0.002353	6.0
1672	-0.809956	478.531303	77.664601	0.001730	5.9
1673	-0.817220	479.531303	77.509436	0.001744	6.1
1674	-0.814433	479.128387	77.571880	0.002142	6.0
1675	-0.831965	480.128387	77.417085	0.001454	6.2
1676	-0.807826	481.106867	77.266219	0.001560	6.2
1677	-0.828261	482.106867	77.112641	0.002058	6.2
1678	-0.842704	482.938025	76.985457	0.001384	6.0
1679	-0.817817	482.534416	77.047165	0.001559	6.0
1680	-0.802292	483.532541	76.894741	0.001647	6.5
1681	-0.826646	484.476277	76.751177	0.001893	5.9
1682	-0.806682	485.476277	76.599637	0.002180	5.9
1683	-0.831375	486.476277	76.448695	0.001992	6.0
1684	-0.819662	486.072668	76.509545	0.001302	6.5
1685	-0.811178	485.669058	76.570492	0.001442	6.2
1686	-0.866420	485.288900	76.627987	0.002048	6.3
1687	-0.823406	486.282965	76.477828	0.001588	6.0
1688	-0.791791	487.282483	76.327437	0.002394	6.2
1689	-0.834853	488.282047	76.177630	0.002212	6.4
1690	-0.814054	489.282047	76.028344	0.001437	6.9
1691	-0.828710	490.282047	75.879643	0.001966	5.9
1692	-0.821773	489.878465	75.939586	0.001553	6.7
1693	-0.811479	490.878465	75.791231	0.001561	5.9
1694	-0.799816	490.635877	75.827167	0.001798	6.0
1695	-0.834418	490.232268	75.887031	0.001504	6.0
1696	-0.851958	489.828658	75.946990	0.001297	6.3
1697	-0.809139	489.425048	76.007044	0.001630	11.5
1698	-0.827569	489.029505	76.065990	0.001858	7.3
1699	-0.833390	490.029505	75.917141	0.001472	6.2
1700	-0.848828	491.029427	75.768886	0.001812	5.2
1701	-0.815866	490.752715	75.809855	0.002318	5.4
1702	-0.824167	490.349106	75.869692	0.002028	5.3
1703	-0.818845	491.349106	75.721610	0.001574	5.2
1704	-0.832611	492.349106	75.574105	0.002181	5.9
1705	-0.826751	491.945755	75.633532	0.001572	7.1
1706	-0.821612	492.945755	75.486369	0.001883	7.5
1707	-0.827703	492.542146	75.545697	0.001734	8.4
1708	-0.826520	493.518228	75.402380	0.001313	8.9
1709	-0.808515	493.114742	75.461557	0.002880	8.7
1710	-0.811462	492.711132	75.520846	0.001393	8.0
1711	-0.824159	493.711132	75.374121	0.002293	7.6
1712	-0.850548	494.098344	75.317460	0.001760	7.0
1713	-0.820609	493.694734	75.376522	0.002139	6.5
1714	-0.830564	493.291124	75.435677	0.001482	6.9
1715	-0.813899	492.888000	75.494853	0.001732	9.0
1716	-0.830493	493.887894	75.348245	0.001553	8.3
1717	-0.813936	494.887778	75.202206	0.001771	6.2
1718	-0.818453	495.840332	75.063606	0.001921	8.4
1719	-0.843022	495.436722	75.122270	0.002327	8.4
1720	-0.844331	495.033113	75.181026	0.001664	6.5
1721	-0.853024	496.032920	75.035646	0.001522	9.1
1722	-0.834080	497.032920	74.890799	0.001551	7.3
1723	-0.835669	496.774526	74.928173	0.001530	6.5
1724	-0.849127	497.756352	74.786360	0.001804	6.6
1725	-0.817571	498.756349	74.642473	0.001180	6.3
1726	-0.818140	499.567520	74.526162	0.001805	6.5
1727	-0.788544	499.174761	74.582433	0.001417	9.5
1728	-0.829196	498.771160	74.640346	0.001724	7.8
1729	-0.820489	498.368526	74.698210	0.002456	11.1
1730	-0.808574	497.964916	74.756304	0.001519	10.4
1731	-0.827645	498.948844	74.614839	0.001752	7.9
1732	-0.837866	499.885160	74.480715	0.001344	7.1
1733	-0.826888	500.885159	74.338000	0.001528	7.2
1734	-0.811657	501.884899	74.195868	0.001369	7.0
1735	-0.834428	502.884899	74.054242	0.001500	7.1
1736	-0.823717	503.871209	73.915083	0.001710	7.4
1737	-0.826251	503.467600	73.971965	0.001306	7.1
1738	-0.856546	504.440575	73.834989	0.001210	6.7
1739	-0.805337	505.391478	73.701609	0.001824	6.5
1740	-0.846097	504.989222	73.757973	0.003027	7.6
1741	-0.812758	505.989222	73.618012	0.001264	6.6
1742	-0.822881	505.585639	73.674434	0.001449	6.5
1743	-0.810048	505.525903	73.682793	0.001395	6.8
1744	-0.822499	505.135770	73.737429	0.001199	6.6
1745	-0.810301	506.110230	73.601112	0.001390	7.5
1746	-0.848357	507.110229	73.461745	0.001823	6.6
1747	-0.816267	506.706724	73.517917	0.002486	6.4
1748	-0.837736	506.303114	73.574189	0.001424	6.3
1749	-0.832865	507.302876	73.434957	0.001697	7.0
1750	-0.826565	508.263178	73.301716	0.001676	6.6
1751	-0.794451	509.263178	73.163479	0.001543	6.5
1752	-0.841837	510.255392	73.026834	0.001612	6.6
1753	-0.851317	511.255392	72.889631	0.001386	6.7
1754	-0.839536	510.851932	72.944925	0.001533	6.8
1755	-0.835958	510.448322	73.000323	0.001275	8.8
1756	-0.833349	510.044714	73.055805	0.001353	11.0
1757	-0.842138	511.037264	72.919515	0.001864	7.4
1758	-0.818689	512.037260	72.782715	0.001549	7.4
1759	-0.837410	511.634165	72.837797	0.001768	7.0
1760	-0.831635	512.634165	72.701303	0.001894	6.5
1761	-0.838075	513.634165	72.565320	0.001559	6.3
1762	-0.832969	513.230566	72.620141	0.001560	6.6
1763	-0.835129	514.230566	72.484461	0.001706	6.6
1764	-0.847316	515.230566	72.349287	0.002253	6.7
1765	-0.807365	514.827278	72.403740	0.001631	6.6
1766	-0.799041	514.423668	72.458319	0.001849	6.4
1767	-0.817474	514.020059	72.512981	0.001261	6.7
1768	-0.853017	515.019991	72.377709	0.001452	7.8
1769	-0.838271	516.019753	72.242965	0.001601	8.0
1770	-0.809888	515.616719	72.297224	0.002517	9.4
1771	-0.848798	515.213109	72.351642	0.001611	6.5
1772	-0.814240	516.213109	72.216963	0.001280	6.2
1773	-0.811345	517.189383	72.085961	0.001434	6.4
1774	-0.832860	516.804597	72.137537	0.001630	6.1
1775	-0.840314	517.804596	72.003653	0.001859	6.0
1776	-0.832276	517.400986	72.057630	0.002346	5.9
1777	-0.843612	518.400986	71.924042	0.001446	5.9
1778	-0.821775	517.997555	71.977876	0.002183	6.0
1779	-0.835492	517.593947	72.031814	0.001540	6.0
1780	-0.835953	518.593947	71.898322	0.001642	5.9
1781	-0.815214	519.213358	71.815883	0.001272	5.9
1782	-0.838200	519.179632	71.820366	0.001760	5.9
1783	-0.811621	518.776022	71.874069	0.001525	5.8
1784	-0.824437	519.776022	71.741160	0.001938	6.4
1785	-0.825923	519.455392	71.783721	0.001664	6.2
1786	-0.813043	520.455045	71.651192	0.001516	7.2
1787	-0.821438	520.051436	71.704641	0.001559	6.3
1788	-0.820275	521.051436	71.572357	0.002619	6.2
1789	-0.844027	520.647831	71.625689	0.001588	5.6
1790	-0.836476	520.244221	71.679101	0.001326	5.9
1791	-0.828996	521.244221	71.546911	0.001396	6.0
1792	-0.836540	522.243489	71.415304	0.001693	6.2
1793	-0.836834	523.243489	71.284085	0.001333	7.2
1794	-0.825929	522.848355	71.335877	0.001488	6.1
1795	-0.825239	522.576552	71.371546	0.001603	5.8
1796	-0.826120	522.172996	71.424573	0.001946	5.8
1797	-0.809610	521.769387	71.477685	0.001842	5.9
1798	-0.812689	522.769160	71.346266	0.002001	5.9
1799	-0.817920	523.769018	71.215318	0.002721	6.0
1800	-0.826826	523.365408	71.268120	0.001948	6.0
1801	-0.812434	524.365408	71.137440	0.001370	5.9
1802	-0.820896	525.365304	71.007252	0.001496	6.3
1803	-0.814269	524.961697	71.059745	0.001499	6.1
1804	-0.838163	525.961697	70.929828	0.002035	5.9
1805	-0.815149	525.558087	70.982207	0.001294	5.9
1806	-0.808777	526.558024	70.852581	0.001941	5.9
1807	-0.796170	526.154415	70.904845	0.001543	6.0
1808	-0.843034	525.750805	70.957187	0.001847	5.9
1809	-0.818281	526.750805	70.827644	0.002186	5.8
1810	-0.802550	527.750805	70.698573	0.001325	7.1
1811	-0.797255	528.697936	70.576760	0.001534	6.1
1812	-0.811670	528.294332	70.628617	0.001860	6.0
1813	-0.807680	529.292802	70.500466	0.001825	6.2
1814	-0.812194	530.292802	70.372584	0.001443	6.0
1815	-0.804138	531.292802	70.245165	0.001263	6.0
1816	-0.839933	532.284264	70.119289	0.001312	6.0
1817	-0.833693	531.881208	70.170407	0.001780	6.0
1818	-0.823063	532.881207	70.043718	0.001585	6.5
1819	-0.802404	533.881207	69.917486	0.001327	6.8
1820	-0.836263	534.880914	69.791745	0.001900	7.9
1821	-0.825215	534.477304	69.842456	0.002482	6.6
1822	-0.821287	535.477304	69.716948	0.001745	6.0
1823	-0.839803	535.073695	69.767550	0.001605	5.9
1824	-0.819624	536.073695	69.642310	0.001607	6.1
1825	-0.854345	537.073693	69.517520	0.001460	6.2
1826	-0.826251	538.073661	69.393180	0.001509	5.9
1827	-0.821613	539.072269	69.269452	0.002744	6.2
1828	-0.801042	538.668659	69.319406	0.001668	6.3
1829	-0.824009	538.265054	69.369432	0.001542	5.9
1830	-0.818869	539.000855	69.278285	0.001471	6.3
1831	-0.832827	538.597246	69.328252	0.002137	5.9
1832	-0.827766	538.193636	69.378292	0.001371	6.0
1833	-0.814747	537.790026	69.428403	0.001734	6.0
1834	-0.828361	537.391358	69.477972	0.001608	5.9
1835	-0.855244	538.391355	69.353770	0.001444	5.9
1836	-0.829888	537.987746	69.403845	0.001601	6.3
1837	-0.828955	538.987745	69.279907	0.002210	6.0
1838	-0.832912	538.584136	69.329877	0.001395	6.2
1839	-0.809378	538.180527	69.379918	0.001650	6.8
1840	-0.795298	538.792517	69.304069	0.001713	7.3
1841	-0.824635	539.792494	69.180489	0.001679	6.6
1842	-0.814818	540.792494	69.057347	0.001772	6.7
1843	-0.834797	541.746340	68.940296	0.002893	6.1
1844	-0.805832	541.342731	68.989776	0.001253	8.3
1845	-0.827308	540.939121	69.039328	0.001367	6.4
1846	-0.835519	540.537655	69.088687	0.001354	6.6
1847	-0.843941	540.330647	69.114165	0.001672	7.0
1848	-0.831371	539.927201	69.163876	0.001938	6.2
1849	-0.788067	539.523592	69.213678	0.001872	7.9
1850	-0.822496	540.506042	69.092576	0.001165	7.3
1851	-0.845015	540.103294	69.142170	0.001347	6.9
1852	-0.839208	541.025867	69.028672	0.002128	6.9
1853	-0.831745	542.025688	68.906091	0.001871	7.1
1854	-0.823782	543.025688	68.783922	0.001412	6.5
1855	-0.838954	542.622079	68.833178	0.001613	6.3
1856	-0.831981	542.218769	68.882468	0.001172	6.1
1857	-0.805884	541.930445	68.917749	0.001659	6.0
1858	-0.792002	542.930440	68.795540	0.002049	6.2
1859	-0.790410	543.930440	68.673763	0.001343	5.9
1860	-0.837173	543.526831	68.722861	0.001840	5.9
1861	-0.839793	544.526831	68.601341	0.001319	6.1
1862	-0.836034	544.123221	68.650336	0.001245	6.0
1863	-0.820977	545.087714	68.533371	0.001642	6.3
1864	-0.838214	544.698873	68.580478	0.002145	6.1
1865	-0.831246	544.295264	68.629443	0.002310	5.9
1866	-0.833866	543.936281	68.673053	0.001630	5.9
1867	-0.823654	544.922782	68.553344	0.001477	5.9
1868	-0.821684	544.519172	68.602270	0.001540	6.2
1869	-0.838731	544.926351	68.552912	0.001401	5.9
1870	-0.837374	545.926351	68.431991	0.002515	6.0
1871	-0.816714	545.522742	68.480744	0.001436	6.0
1872	-0.805842	545.119132	68.529567	0.001242	5.9
1873	-0.829307	544.715523	68.578460	0.002051	5.9
1874	-0.816399	545.715500	68.457452	0.001353	6.1
1875	-0.839687	546.715500	68.336868	0.001694	5.8
1876	-0.822677	546.415179	68.373037	0.001852	5.8
1877	-0.818386	547.415179	68.252750	0.001459	5.9
1878	-0.814288	548.415174	68.132886	0.001304	5.8
1879	-0.807479	549.405243	68.014626	0.001234	6.8
1880	-0.820162	549.417549	68.013158	0.002006	6.0
1881	-0.834512	550.417548	67.894133	0.001867	5.9
1882	-0.840640	550.013938	67.942123	0.001731	5.9
1883	-0.843395	551.013938	67.823346	0.002017	6.0
1884	-0.843814	550.610329	67.871235	0.001254	6.2
1885	-0.808309	550.206720	67.919192	0.001761	5.9
1886	-0.821994	550.779561	67.851147	0.001300	6.1
1887	-0.828843	550.375952	67.899076	0.001610	6.8
1888	-0.820422	549.975558	67.946690	0.001434	6.3
1889	-0.828329	549.571948	67.994754	0.001366	6.6
1890	-0.834303	549.168339	68.042886	0.001536	5.9
1891	-0.823096	550.168339	67.923756	0.001888	6.8
1892	-0.829325	550.242209	67.914973	0.001862	7.6
1893	-0.826677	551.242209	67.796291	0.001456	7.1
1894	-0.826900	550.838599	67.844142	0.001544	11.8
1895	-0.819703	550.434990	67.892061	0.001145	7.1
1896	-0.829767	550.052751	67.937505	0.001719	6.4
1897	-0.837763	549.649160	67.985554	0.001631	10.6
1898	-0.826919	549.245552	68.033672	0.001393	6.7
1899	-0.827069	549.216906	68.037090	0.001499	6.2
1900	-0.820172	550.194738	67.920617	0.001165	9.6
1901	-0.815170	549.791128	67.968644	0.001500	8.2
1902	-0.822461	550.791116	67.849776	0.001317	8.7
1903	-0.821734	551.739829	67.737386	0.001234	6.5
1904	-0.840617	551.336319	67.785143	0.002569	7.9
1905	-0.811827	552.336319	67.666913	0.002335	6.5
1906	-0.808343	551.932710	67.714582	0.001245	6.1
1907	-0.816432	551.529100	67.762318	0.001372	7.0
1908	-0.814876	551.125568	67.810113	0.001244	8.6
1909	-0.808794	550.722188	67.857956	0.001335	6.4
1910	-0.840162	551.722188	67.739473	0.001556	7.6
1911	-0.833511	552.722188	67.621403	0.001185	7.7
1912	-0.833547	552.318579	67.669007	0.002371	6.4
1913	-0.837010	551.914969	67.716679	0.001908	7.4
1914	-0.839487	551.511360	67.764418	0.001581	7.9
1915	-0.812441	551.107750	67.812224	0.001570	6.2
1916	-0.825934	552.107747	67.693901	0.001969	6.1
1917	-0.825478	553.106290	67.576161	0.001476	7.4
1918	-0.832406	552.702681	67.623702	0.001509	8.0
1919	-0.830286	552.299071	67.671310	0.001663	6.1
1920	-0.822199	553.299071	67.553477	0.001596	6.0
1921	-0.811940	552.895462	67.600986	0.001446	8.1
1922	-0.811174	553.895462	67.483398	0.001817	6.7
1923	-0.826768	554.895462	67.366218	0.001237	6.3
1924	-0.801922	554.568928	67.404436	0.001822	6.9
1925	-0.822629	554.788282	67.378758	0.001535	8.0
1926	-0.815238	555.788282	67.261940	0.001376	6.2
1927	-0.821615	555.764025	67.264769	0.001425	5.9
1928	-0.832306	556.306640	67.201547	0.001463	7.0
1929	-0.813555	557.238671	67.093228	0.001968	6.4
1930	-0.821681	558.237299	66.977557	0.001933	9.7
1931	-0.821017	557.833690	67.024259	0.001718	10.9
1932	-0.829203	558.833690	66.908667	0.001561	6.4
1933	-0.838171	558.430080	66.955273	0.001388	5.9
1934	-0.833265	559.430080	66.839918	0.001666	6.6
1935	-0.810056	560.430080	66.724960	0.002104	5.8
1936	-0.810231	561.430080	66.610397	0.001512	5.9
1937	-0.840321	562.378461	66.502111	0.001527	5.7
1938	-0.829859	561.974951	66.548141	0.001679	6.6
1939	-0.815875	561.571342	66.594246	0.001611	7.3
1940	-0.832222	562.571305	66.480135	0.001604	7.3
1941	-0.838249	562.167695	66.526146	0.001303	6.0
1942	-0.847538	561.764365	66.572188	0.001566	5.8
1943	-0.826113	561.360766	66.618326	0.001553	5.7
1944	-0.808787	560.957156	66.664528	0.001796	6.0
1945	-0.837967	561.955850	66.550321	0.001717	6.1
1946	-0.782935	562.955850	66.436357	0.001925	5.7
1947	-0.843695	563.953440	66.323055	0.001451	5.6
1948	-0.831325	563.549830	66.368848	0.001738	5.9
1949	-0.779921	563.146221	66.414705	0.001672	5.8
1950	-0.852648	562.742611	66.460626	0.001913	5.9
1951	-0.825346	563.742611	66.346968	0.002082	5.6
1952	-0.816886	563.339002	66.392794	0.001274	5.7
1953	-0.790095	563.012475	66.429915	0.001527	5.8
1954	-0.817145	562.730718	66.461980	0.001716	5.8
1955	-0.807654	562.376143	66.502375	0.001652	6.6
1956	-0.797112	563.376143	66.388575	0.001623	6.0
1957	-0.824953	562.972552	66.434457	0.001851	6.2
1958	-0.839474	563.972549	66.320888	0.001743	5.8
1959	-0.821404	564.972549	66.207707	0.001504	5.7
1960	-0.813977	564.568939	66.253342	0.001341	6.0
1961	-0.811819	564.781991	66.229245	0.001183	5.4
1962	-0.854000	565.778190	66.116805	0.002137	5.1
1963	-0.831452	566.778190	66.004319	0.001488	5.1
1964	-0.843660	567.641447	65.907522	0.001353	5.0
1965	-0.837269	567.413035	65.933106	0.002786	5.2
1966	-0.822784	568.375306	65.825457	0.001173	5.6
1967	-0.837590	567.971696	65.870566	0.001519	5.5
1968	-0.827755	567.568087	65.915737	0.001557	5.4
1969	-0.800776	568.568087	65.803933	0.001381	7.2
1970	-0.811081	568.164477	65.849013	0.001746	6.9
1971	-0.852862	569.164344	65.737450	0.001334	8.5
1972	-0.822171	568.760735	65.782438	0.001561	5.5
1973	-0.846993	569.751370	65.672127	0.001934	6.6
1974	-0.833767	569.347761	65.717026	0.001427	6.1
1975	-0.816770	568.976691	65.758359	0.001627	5.6
1976	-0.846342	568.573081	65.803376	0.001692	5.2
1977	-0.801526	568.169473	65.848454	0.001366	5.0
1978	-0.823035	569.063711	65.748661	0.001526	5.3
1979	-0.803866	570.063711	65.637423	0.001860	5.1
1980	-0.821293	569.660101	65.682275	0.001449	5.1
1981	-0.819209	569.256492	65.727187	0.001241	5.2
1982	-0.828519	568.860007	65.771367	0.001376	5.2
1983	-0.799636	569.846234	65.661583	0.001750	5.2
1984	-0.815655	570.845055	65.550770	0.001391	5.2
1985	-0.816221	570.441446	65.595503	0.002155	5.2
1986	-0.810318	571.441446	65.484782	0.002343	5.9
1987	-0.824115	572.441446	65.374435	0.001745	5.7
1988	-0.831874	573.396889	65.269351	0.001642	5.7
1989	-0.823127	572.993280	65.313700	0.001577	5.4
1990	-0.836302	573.183681	65.292771	0.002239	6.0
1991	-0.807278	574.183681	65.183069	0.002087	6.0
1992	-0.835240	573.780478	65.227257	0.001354	5.3
1993	-0.838387	574.780478	65.117775	0.002272	5.2
1994	-0.853454	575.780478	65.008660	0.001867	5.6
1995	-0.818192	575.376878	65.052655	0.001397	5.2
1996	-0.810891	576.376878	64.943757	0.001497	5.1
1997	-0.826420	576.810482	64.896652	0.001558	5.2
1998	-0.829185	577.809484	64.788385	0.001848	5.1
1999	-0.797426	578.809484	64.680370	0.001545	5.2
