1:ItNr	2:Metric	3a:Time	3b:StepSize	4:||Gradient||	Time[ms]
0	-0.551090	0.000000	2960.264678	0.004266	7222.0
1	-0.581177	0.000000	2960.264678	0.003994	7.8
2	-0.537187	1.000000	2825.707192	0.004739	7.5
3	-0.533903	2.000000	2702.850358	0.004197	8.0
4	-0.547939	3.000000	2590.231597	0.004100	7.3
5	-0.559165	2.055110	2696.389572	0.004875	7.4
6	-0.561223	3.055110	2584.297398	0.004637	7.7
7	-0.543470	4.055110	2481.152874	0.003625	7.6
8	-0.550258	5.055110	2385.925762	0.004692	7.8
9	-0.532330	4.110220	2475.707422	0.004557	7.6
10	-0.550192	5.110220	2380.889860	0.004335	7.7
11	-0.534330	4.165330	2470.285821	0.003862	7.6
12	-0.569429	5.165330	2375.875171	0.003460	7.6
13	-0.530440	6.165330	2288.415341	0.003800	7.7
14	-0.519315	7.165330	2207.165970	0.004609	8.0
15	-0.547705	6.220440	2283.782252	0.004680	8.2
16	-0.572258	7.220440	2202.855732	0.004277	8.2
17	-0.542007	8.220295	2127.478782	0.004657	8.4
18	-0.529989	9.220289	2057.080208	0.003775	8.5
19	-0.542968	10.220289	1991.190997	0.004558	8.4
20	-0.566005	9.275399	2053.335721	0.004651	9.0
21	-0.555285	10.275399	1987.682339	0.003899	8.3
22	-0.551332	9.330509	2049.604839	0.004303	8.8
23	-0.526022	10.330509	1984.186022	0.003775	10.4
24	-0.536568	11.330509	1922.814083	0.004482	10.0
25	-0.544418	12.327424	1865.297423	0.004135	8.9
26	-0.512515	11.382534	1919.724936	0.004060	9.7
27	-0.555133	10.440368	1977.252890	0.004183	10.0
28	-0.520504	9.495478	2038.517263	0.004248	8.5
29	-0.557128	10.429866	1977.913545	0.004560	8.9
30	-0.567634	9.485071	2039.213190	0.004372	8.5
31	-0.545068	10.485071	1974.445568	0.004890	8.7
32	-0.533672	9.540181	2035.533410	0.004096	9.1
33	-0.550460	10.540181	1970.995625	0.003974	8.4
34	-0.547797	9.595291	2031.866886	0.003956	8.7
35	-0.536610	8.650405	2096.617528	0.004110	8.7
36	-0.538464	9.650405	2028.213292	0.003806	8.9
37	-0.529145	10.650405	1964.131543	0.003831	11.7
38	-0.553873	11.650405	1903.975120	0.004681	9.3
39	-0.544042	12.650405	1847.394074	0.004111	9.1
40	-0.540045	11.705529	1900.766016	0.003993	8.4
41	-0.551652	10.760812	1957.303819	0.004226	8.7
42	-0.548020	9.815922	2017.319440	0.004085	9.0
43	-0.547045	10.815922	1953.913468	0.003953	8.9
44	-0.549740	11.815922	1894.371838	0.004109	8.5
45	-0.541654	12.815922	1838.351723	0.004031	8.7
46	-0.542826	11.871032	1891.195822	0.004539	9.3
47	-0.540290	12.871030	1835.360753	0.004362	9.0
48	-0.568408	13.871030	1782.727929	0.004344	10.2
49	-0.538526	12.926140	1832.379369	0.004112	9.6
50	-0.565317	13.926140	1779.914957	0.004590	9.0
51	-0.564110	14.926140	1730.371227	0.004296	10.2
52	-0.534871	15.926140	1683.510893	0.004544	9.9
53	-0.526481	16.926140	1639.121696	0.003949	9.6
54	-0.569145	15.981379	1680.996212	0.003846	8.9
55	-0.555936	16.981379	1636.737782	0.004452	8.6
56	-0.566277	16.042077	1678.241710	0.004382	10.1
57	-0.545915	15.097187	1722.171829	0.004910	9.1
58	-0.556729	14.152297	1768.463622	0.003970	8.6
59	-0.555950	15.152297	1719.546574	0.003999	9.1
60	-0.552126	16.148701	1673.424813	0.005015	8.5
61	-0.532284	15.203811	1717.099835	0.004020	8.3
62	-0.526741	16.203811	1670.945966	0.003845	8.6
63	-0.554227	17.203811	1627.208289	0.004238	8.8
64	-0.553822	16.258921	1668.474450	0.004526	8.5
65	-0.538978	17.240810	1625.633946	0.004054	8.6
66	-0.563807	18.240810	1584.206821	0.004271	8.7
67	-0.548917	17.295937	1623.293834	0.004294	8.6
68	-0.555753	18.295937	1581.984376	0.004454	9.3
69	-0.527765	19.295937	1542.725223	0.004516	8.1
70	-0.539783	18.351047	1579.768851	0.004156	8.6
71	-0.541742	19.351047	1540.618222	0.004357	8.6
72	-0.535114	19.089897	1550.653963	0.004139	8.5
73	-0.551222	18.145007	1588.083955	0.004458	8.7
74	-0.565434	17.200117	1627.365629	0.003530	8.7
75	-0.558821	18.200117	1585.851324	0.003749	8.4
76	-0.555835	19.200117	1546.402402	0.004498	8.5
77	-0.539393	18.255228	1583.624962	0.004835	8.6
78	-0.548560	19.255225	1544.285457	0.004198	8.3
79	-0.571451	20.255225	1506.852975	0.004761	8.9
80	-0.551600	19.310335	1542.174196	0.004563	8.9
81	-0.543193	20.310335	1504.842758	0.003980	8.6
82	-0.550471	21.304065	1469.493720	0.003957	8.5
83	-0.552283	20.359175	1503.065710	0.004807	8.4
84	-0.552219	21.357796	1467.629671	0.004813	8.4
85	-0.562561	22.357796	1433.780402	0.004611	8.7
86	-0.543484	23.354047	1401.575782	0.003998	8.8
87	-0.569844	24.354047	1370.672790	0.004357	8.4
88	-0.546448	25.354047	1341.103143	0.004661	8.7
89	-0.553252	26.354047	1312.782372	0.004358	8.7
90	-0.558062	25.409237	1339.508293	0.004436	8.7
91	-0.538339	26.409233	1311.254261	0.004513	9.0
92	-0.552964	27.409210	1284.167987	0.004644	8.6
93	-0.552564	28.409210	1258.177530	0.005067	8.6
94	-0.558896	27.464333	1282.707389	0.004537	8.8
95	-0.564251	28.464332	1256.775452	0.004298	8.6
96	-0.552666	29.464332	1231.871220	0.004269	8.5
97	-0.559304	30.464332	1207.934812	0.004468	8.5
98	-0.560517	29.519442	1230.527411	0.004455	8.4
99	-0.535196	30.519442	1206.642691	0.004054	8.2
100	-0.558701	29.574552	1229.186530	0.004880	8.5
101	-0.532807	30.574552	1205.353332	0.004384	8.5
102	-0.563155	29.629662	1227.848568	0.004029	8.5
103	-0.531098	28.684772	1251.199420	0.004352	9.3
104	-0.570571	28.691511	1251.029738	0.003695	8.6
105	-0.569902	27.759629	1274.939103	0.004712	8.6
106	-0.593278	26.862187	1298.844920	0.005042	8.6
107	-0.567584	27.862187	1272.263119	0.004021	8.5
108	-0.541019	28.862187	1246.747529	0.003568	9.3
109	-0.548770	27.917297	1270.829789	0.004582	8.6
110	-0.546105	26.973811	1295.822799	0.004128	8.5
111	-0.550014	26.029144	1321.851793	0.004497	8.7
112	-0.565230	27.029144	1294.329924	0.005155	8.5
113	-0.543460	28.029144	1267.930730	0.003886	8.3
114	-0.537184	29.029144	1242.586887	0.004495	8.8
115	-0.554636	28.084254	1266.507142	0.004393	8.5
116	-0.533932	28.742638	1249.743904	0.004639	8.5
117	-0.536142	27.806004	1273.727682	0.004359	8.6
118	-0.543302	28.806004	1248.153904	0.004586	8.5
119	-0.540774	29.806004	1223.586849	0.004195	8.6
120	-0.576580	30.806004	1199.968218	0.005074	8.4
121	-0.565974	31.804919	1177.268314	0.006333	8.7
122	-0.550172	32.804919	1155.388004	0.004030	8.7
123	-0.568137	33.804919	1134.306174	0.004701	8.3
124	-0.557935	32.860029	1154.205801	0.004158	8.3
125	-0.565671	33.860029	1133.166698	0.004360	8.4
126	-0.575631	34.860029	1112.880874	0.004712	8.9
127	-0.559853	33.921686	1131.894582	0.004228	8.5
128	-0.575770	34.921670	1111.654175	0.004547	8.4
129	-0.562310	35.921669	1092.124649	0.004364	8.5
130	-0.556227	36.921669	1073.269450	0.004160	8.8
131	-0.532266	37.921669	1055.054259	0.004673	10.2
132	-0.572602	38.921669	1037.447035	0.005279	8.7
133	-0.558447	37.976779	1054.068378	0.005011	8.2
134	-0.554336	37.152830	1069.003145	0.004671	8.5
135	-0.555251	38.152830	1050.931260	0.003854	8.3
136	-0.568441	39.068691	1034.907825	0.004387	9.1
137	-0.575326	40.068463	1017.965000	0.004688	9.0
138	-0.575817	41.068463	1001.564327	0.004020	8.6
139	-0.571764	42.061246	985.796535	0.004323	8.5
140	-0.567408	41.116356	1000.792090	0.004924	8.7
141	-0.569170	40.171467	1016.250905	0.004729	8.6
142	-0.592932	41.171467	999.904967	0.005043	8.9
143	-0.546735	40.226577	1015.336177	0.004021	8.7
144	-0.566572	41.226299	999.023877	0.004403	8.6
145	-0.561169	42.225447	983.236359	0.003745	8.5
146	-0.541116	43.225447	967.927219	0.004239	8.7
147	-0.560455	44.225446	953.087508	0.004618	8.6
148	-0.553554	45.225446	938.695947	0.004587	9.2
149	-0.553351	46.225376	924.733510	0.004636	8.5
150	-0.537542	45.326807	937.261429	0.003975	8.3
151	-0.570465	46.326807	923.340355	0.004419	8.6
152	-0.556339	47.326807	909.826767	0.004112	8.9
153	-0.559356	48.326327	896.709246	0.004411	8.7
154	-0.553418	49.326327	883.958555	0.004772	8.8
155	-0.570958	50.326327	871.565395	0.004393	8.4
156	-0.556565	49.381437	883.266398	0.005392	8.1
157	-0.552826	48.436547	895.285854	0.004188	8.2
158	-0.546893	49.410927	882.896464	0.004404	8.3
159	-0.559597	48.466037	894.905786	0.004063	8.6
160	-0.564351	47.521147	907.246319	0.004442	8.8
161	-0.557641	46.576257	919.931956	0.003695	8.4
162	-0.578871	47.576257	906.517227	0.004349	8.5
163	-0.559227	48.576255	893.488135	0.004632	8.4
164	-0.560234	47.631365	905.789332	0.003911	8.3
165	-0.555586	46.686715	918.430712	0.004540	9.1
166	-0.574645	47.686715	905.059411	0.004487	8.6
167	-0.575244	46.741825	917.683540	0.004762	8.4
168	-0.553893	47.741825	904.333829	0.004883	8.7
169	-0.569052	46.796936	916.937583	0.004096	8.6
170	-0.559802	45.852046	929.897621	0.004719	8.7
171	-0.562936	44.907156	943.229265	0.004330	9.0
172	-0.550198	43.962266	956.948735	0.004091	8.4
173	-0.536189	43.017376	971.073201	0.004310	8.6
174	-0.545560	44.017376	956.137606	0.004858	8.3
175	-0.559176	45.017290	941.655711	0.005260	8.2
176	-0.576306	46.017290	927.604774	0.004066	8.8
177	-0.574610	45.072400	940.870289	0.004456	8.7
178	-0.565903	46.072400	926.842607	0.004468	8.5
179	-0.568494	47.072400	913.227065	0.004556	8.6
180	-0.581708	48.072400	900.005763	0.004111	8.7
181	-0.541335	47.127510	912.488333	0.004229	8.5
182	-0.565312	48.127510	899.288258	0.004374	8.8
183	-0.566658	47.182620	911.750795	0.003762	8.8
184	-0.566686	48.180124	898.604323	0.004215	8.8
185	-0.574605	49.180124	885.800066	0.004598	8.6
186	-0.555647	50.180124	873.355580	0.004622	8.4
187	-0.567962	51.180124	861.255911	0.004161	8.9
188	-0.539663	50.235234	872.679922	0.004047	9.0
189	-0.572978	51.235231	860.598867	0.004848	8.2
190	-0.561840	50.290341	872.005338	0.004403	8.8
191	-0.548052	51.290341	859.942796	0.004121	9.6
192	-0.563453	52.290341	848.209424	0.004130	8.7
193	-0.535762	51.345451	859.287723	0.003508	9.1
194	-0.560679	52.345451	847.572099	0.004459	9.2
195	-0.549633	51.400573	858.633514	0.004703	8.9
196	-0.564659	52.400573	846.935601	0.003873	8.8
197	-0.564624	53.400566	835.552221	0.004253	8.9
198	-0.550470	52.455676	846.300263	0.004445	8.9
199	-0.555460	53.455676	834.933766	0.005080	9.2
200	-0.551117	54.455676	823.868544	0.004119	8.6
201	-0.567886	53.510838	834.315645	0.004546	8.9
202	-0.558049	54.510838	823.266693	0.004336	9.3
203	-0.563206	55.510838	812.506561	0.004269	8.6
204	-0.543253	56.510838	802.024072	0.004575	8.7
205	-0.561301	57.510838	791.808615	0.005584	8.9
206	-0.566421	56.565948	801.454239	0.004010	8.3
207	-0.559440	57.565948	791.253201	0.004439	8.2
208	-0.569141	58.565948	781.308580	0.004374	8.5
209	-0.550604	59.333327	773.845180	0.004491	8.4
210	-0.558299	59.445559	772.765569	0.004044	8.4
211	-0.544053	60.445551	763.277519	0.003793	8.9
212	-0.540823	61.445551	754.019560	0.004590	8.7
213	-0.538835	62.445551	744.983497	0.004427	8.5
214	-0.591969	61.500661	753.515883	0.004056	8.5
215	-0.546312	60.555978	762.244039	0.004070	8.7
216	-0.554780	61.555978	753.010982	0.004484	8.6
217	-0.556799	60.611088	761.729314	0.003786	9.1
218	-0.573084	61.611088	752.508647	0.004472	8.5
219	-0.573724	60.666198	761.215283	0.004245	8.5
220	-0.576626	59.721331	770.125535	0.004122	8.4
221	-0.577239	58.776441	779.247073	0.004198	8.5
222	-0.565532	57.831551	788.587276	0.004688	9.1
223	-0.575329	58.831551	778.709136	0.004406	8.6
224	-0.563485	59.830045	769.089742	0.004494	8.5
225	-0.563330	60.830045	759.691119	0.004597	8.5
226	-0.545879	61.830045	750.519433	0.005022	8.7
227	-0.558459	62.830045	741.566564	0.005293	8.4
228	-0.564952	63.830045	732.824773	0.004104	8.9
229	-0.586014	62.885155	741.079377	0.004003	8.6
230	-0.573579	61.940265	749.522061	0.004693	8.5
231	-0.569964	62.940265	740.592829	0.005435	8.4
232	-0.554645	63.936316	731.907867	0.004244	8.5
233	-0.549159	62.991427	740.141712	0.004698	8.6
234	-0.564533	63.991427	731.433284	0.004710	8.7
235	-0.556718	63.067763	739.469639	0.004167	8.8
236	-0.556752	62.122873	747.875476	0.004181	8.4
237	-0.562740	61.177983	756.474616	0.004328	8.7
238	-0.546124	62.177983	747.379967	0.004599	8.9
239	-0.571247	63.177983	738.501398	0.003318	8.8
240	-0.586413	62.320162	746.104626	0.004003	8.9
241	-0.593302	63.320162	737.256154	0.003919	8.7
242	-0.547423	62.375272	745.611460	0.005174	8.9
243	-0.554528	63.375272	736.774612	0.004463	8.9
244	-0.571483	64.375272	728.144776	0.004184	9.2
245	-0.550879	63.431764	736.281650	0.004058	9.6
246	-0.561307	62.486874	744.614758	0.004657	8.7
247	-0.570020	63.486874	735.801380	0.004710	8.8
248	-0.548964	64.486874	727.194194	0.004111	8.5
249	-0.567033	65.486860	718.786166	0.004166	8.7
250	-0.540042	66.486860	710.570233	0.004113	9.0
251	-0.547764	67.381641	703.376376	0.004615	8.9
252	-0.581005	66.438273	710.965072	0.004118	8.7
253	-0.554700	67.438273	702.925961	0.004527	8.5
254	-0.536945	66.493383	710.517251	0.004754	8.6
255	-0.554997	67.493383	702.488207	0.004643	8.5
256	-0.558823	68.493383	694.638597	0.004619	8.8
257	-0.562819	69.493383	686.962471	0.004559	8.8
258	-0.563233	68.548494	694.211099	0.004807	8.7
259	-0.535550	69.548494	686.544366	0.004190	9.4
260	-0.552871	68.603604	693.784129	0.004465	8.9
261	-0.539329	67.658714	701.178210	0.004253	8.9
262	-0.589022	68.658714	693.357685	0.004868	9.2
263	-0.550375	67.744564	700.499898	0.003995	8.7
264	-0.559572	68.744436	692.695406	0.004756	9.1
265	-0.548219	69.744436	685.061931	0.004285	9.0
266	-0.564320	70.744436	677.594863	0.003799	8.7
267	-0.561501	69.799546	684.646138	0.004411	9.1
268	-0.574771	70.799546	677.188082	0.004482	8.8
269	-0.584297	69.854675	684.230702	0.005074	8.7
270	-0.567232	68.909785	691.421495	0.004357	8.6
271	-0.563168	69.909785	683.815917	0.004871	8.4
272	-0.564086	70.909785	676.375840	0.004608	8.2
273	-0.530265	69.964895	683.401635	0.004176	9.1
274	-0.562958	69.020005	690.574922	0.004862	8.4
275	-0.572317	68.075116	697.900394	0.005020	8.6
276	-0.570923	67.130226	705.382947	0.004423	8.5
277	-0.567701	66.185646	713.025149	0.004207	8.4
278	-0.540892	65.240756	720.837352	0.004461	8.8
279	-0.544194	64.302603	728.765083	0.004016	9.0
280	-0.541119	65.302603	720.320783	0.004561	8.5
281	-0.581523	66.302603	712.069931	0.003996	8.5
282	-0.558420	67.302603	704.005957	0.004548	8.5
283	-0.543740	67.600344	701.640142	0.004346	8.6
284	-0.560354	66.655455	709.203535	0.004674	8.7
285	-0.567628	65.710565	716.931766	0.004359	8.7
286	-0.557972	66.710564	708.757933	0.004322	8.4
287	-0.546231	67.708305	700.786229	0.004239	8.6
288	-0.537324	68.708305	692.974397	0.004523	8.4
289	-0.553470	69.708305	685.334805	0.003976	8.6
290	-0.569698	70.707245	677.869653	0.004170	9.1
291	-0.565567	69.762355	684.926678	0.004766	8.3
292	-0.573085	68.817465	692.132184	0.004613	8.5
293	-0.540797	69.817465	684.511049	0.004534	8.5
294	-0.564861	68.872581	691.707723	0.004467	8.4
295	-0.569459	69.872581	684.095881	0.005074	8.7
296	-0.559487	68.927691	691.283826	0.004294	9.2
297	-0.578121	69.602298	686.136664	0.004671	8.6
298	-0.560933	70.602298	678.646277	0.004391	8.6
299	-0.556833	69.657408	685.719566	0.004851	9.0
300	-0.539145	70.657408	678.238233	0.004757	8.7
301	-0.566308	71.657407	670.918387	0.004236	9.2
302	-0.554944	72.655413	663.768983	0.003991	9.1
303	-0.546266	73.655413	656.756505	0.004338	8.8
304	-0.555823	74.655413	649.890646	0.004515	8.9
305	-0.565049	73.710523	656.374352	0.003854	8.7
306	-0.572601	74.710523	649.516440	0.004943	8.5
307	-0.586596	75.710523	642.800351	0.004615	9.2
308	-0.562158	76.710523	636.221732	0.004260	8.5
309	-0.561352	75.765633	642.434263	0.003911	8.7
310	-0.597636	76.765633	635.863096	0.004193	9.2
311	-0.564985	77.765628	629.425026	0.004722	9.5
312	-0.574789	76.820897	635.503869	0.003903	8.4
313	-0.569052	77.820897	629.073004	0.004425	9.2
314	-0.569965	78.819971	622.776759	0.005059	8.9
315	-0.563104	77.875081	628.728263	0.004133	8.7
316	-0.557405	76.930322	634.793772	0.004383	8.7
317	-0.564275	75.985432	640.978311	0.004879	8.3
318	-0.563379	76.985432	634.436744	0.004415	9.1
319	-0.544794	77.985432	628.027349	0.004728	8.6
320	-0.557360	78.985432	621.746160	0.004203	8.7
321	-0.556143	78.040542	627.677889	0.005561	8.8
322	-0.580004	77.095652	633.723892	0.004196	8.7
323	-0.569875	76.150762	639.887498	0.004721	8.5
324	-0.578464	77.150762	633.368066	0.005046	9.5
325	-0.565481	78.150762	626.980137	0.004246	9.6
326	-0.534122	79.150751	620.719844	0.004503	8.4
327	-0.565808	80.139833	614.649602	0.003901	9.3
328	-0.549779	81.139833	608.631875	0.004030	8.5
329	-0.582116	80.194943	614.314868	0.004122	8.6
330	-0.576930	81.194900	608.303920	0.004086	8.7
331	-0.565226	82.194900	602.409211	0.005340	8.4
332	-0.560718	83.194894	596.627683	0.004618	8.5
333	-0.535960	82.690586	599.529432	0.004325	8.5
334	-0.571334	83.690586	593.802752	0.004695	8.5
335	-0.555225	84.690586	588.184440	0.004441	9.1
336	-0.560096	85.690559	582.671596	0.004462	8.9
337	-0.569330	84.795791	587.599540	0.004719	8.6
338	-0.570687	85.795791	582.097455	0.003582	8.6
339	-0.540131	86.795791	576.697453	0.005165	9.0
340	-0.565288	87.795791	571.396720	0.004132	8.3
341	-0.552177	86.850903	576.402762	0.004571	9.7
342	-0.557804	85.906013	581.497304	0.003687	9.4
343	-0.566706	84.961123	586.682706	0.005097	8.7
344	-0.587420	85.961123	581.197697	0.005003	8.8
345	-0.564123	86.961123	575.814299	0.004026	8.9
346	-0.566399	87.961123	570.529714	0.004277	9.2
347	-0.551915	87.016233	575.520517	0.003978	8.6
348	-0.570671	88.009117	570.278522	0.004115	8.9
349	-0.560713	89.009116	565.094607	0.004338	9.2
350	-0.569135	90.009116	560.004082	0.004475	9.1
351	-0.579304	89.064226	564.811659	0.004942	8.7
352	-0.534359	88.119380	569.702269	0.004053	8.9
353	-0.569577	87.203606	574.523904	0.004857	9.1
354	-0.580064	88.203606	569.262870	0.005303	8.9
355	-0.548673	89.202667	564.102119	0.004155	9.1
356	-0.563942	90.202667	559.029380	0.004763	8.9
357	-0.537847	91.202667	554.047062	0.004221	8.5
358	-0.553461	92.202667	549.152769	0.003908	8.8
359	-0.557393	91.257777	553.775067	0.004383	8.6
360	-0.562695	90.491174	557.582774	0.004059	9.0
361	-0.569948	91.491174	552.626093	0.004674	8.9
362	-0.540405	90.546284	557.307297	0.003805	8.7
363	-0.573180	89.769255	561.216722	0.004862	8.7
364	-0.563197	88.824365	566.045232	0.004447	9.0
365	-0.559106	87.879475	570.957548	0.004327	8.5
366	-0.573208	88.879475	565.761332	0.003856	10.0
367	-0.579754	89.879475	560.658842	0.004458	9.1
368	-0.556196	90.879475	555.647567	0.004392	8.9
369	-0.577339	91.879074	550.727038	0.005173	9.0
370	-0.544506	92.879074	545.890969	0.003798	8.6
371	-0.560210	91.934502	550.456742	0.004273	8.8
372	-0.569951	92.934502	545.625398	0.004610	8.8
373	-0.549983	93.934502	540.878125	0.004317	8.1
374	-0.531636	92.989613	545.361605	0.004508	8.3
375	-0.550544	93.988741	540.622999	0.004790	8.5
376	-0.562728	93.043852	545.102234	0.004392	8.5
377	-0.581126	94.043852	540.364021	0.004892	9.0
378	-0.578046	95.043852	535.707471	0.004262	8.4
379	-0.575753	94.098962	540.105292	0.004743	8.6
380	-0.561650	95.098962	535.453180	0.004249	8.6
381	-0.590172	95.749042	532.471675	0.005266	8.4
382	-0.574959	96.749042	527.949586	0.005120	8.4
383	-0.545334	97.749042	523.503659	0.004078	8.8
384	-0.563678	98.749042	519.131986	0.004472	8.3
385	-0.574253	99.749035	514.832752	0.004622	8.7
386	-0.568599	100.749035	510.604113	0.004953	8.5
387	-0.560101	101.749035	506.444372	0.004856	8.6
388	-0.573307	100.805424	510.367735	0.005398	8.8
389	-0.571595	101.805424	506.211830	0.004146	8.6
390	-0.574121	102.797202	502.156409	0.004025	8.5
391	-0.567625	103.797177	498.132730	0.004507	8.7
392	-0.560420	102.852287	501.933068	0.003925	8.6
393	-0.568717	103.852287	497.912853	0.004111	8.5
394	-0.567535	104.852287	493.956525	0.004657	10.2
395	-0.560577	105.852287	490.062575	0.004511	8.5
396	-0.564536	104.907397	493.740319	0.005229	8.6
397	-0.566912	105.907396	489.849765	0.004978	8.7
398	-0.554625	104.962506	493.524304	0.004357	8.5
399	-0.570318	105.962506	489.637138	0.004764	8.6
400	-0.557970	106.962506	485.810727	0.004744	8.9
401	-0.570904	107.962506	482.043658	0.004119	8.6
402	-0.572674	108.962506	478.334560	0.004625	8.5
403	-0.561111	108.017616	481.837752	0.004309	8.6
404	-0.546190	108.525353	479.948959	0.004531	8.8
405	-0.580897	109.149886	477.645889	0.004793	8.4
406	-0.561080	110.149886	474.003904	0.004338	10.0
407	-0.573311	111.149886	470.417039	0.005122	8.7
408	-0.559261	112.148598	466.888567	0.005313	9.2
409	-0.574580	111.203708	470.225525	0.003891	8.6
410	-0.561528	112.203708	466.695402	0.004066	8.7
411	-0.561794	111.266545	470.002134	0.004759	9.2
412	-0.581637	110.321655	473.383909	0.004111	8.4
413	-0.563585	109.376765	476.814700	0.004538	8.5
414	-0.570784	110.376765	473.185331	0.004835	8.6
415	-0.592023	109.473551	476.460997	0.004982	8.6
416	-0.571693	109.283842	477.154783	0.004533	8.4
417	-0.582188	110.283842	473.520255	0.004914	10.4
418	-0.561962	109.518274	476.297734	0.003817	9.1
419	-0.577867	108.573384	479.771047	0.004165	8.4
420	-0.538252	107.722984	482.940626	0.004738	8.7
421	-0.559720	106.778101	486.511834	0.003475	8.2
422	-0.552347	107.778101	482.733926	0.003752	8.3
423	-0.590496	108.778101	479.014239	0.004796	8.8
424	-0.577543	109.778101	475.351437	0.003932	8.3
425	-0.573382	108.877592	478.647294	0.004706	8.6
426	-0.601497	107.932703	482.155086	0.004710	8.4
427	-0.562410	108.932703	478.444279	0.004139	8.5
428	-0.543295	109.932702	474.790156	0.004382	8.2
429	-0.567934	110.932702	471.191426	0.004804	9.4
430	-0.556817	111.932702	467.646840	0.004341	8.3
431	-0.564022	112.932702	464.155185	0.003762	8.4
432	-0.560599	111.987813	467.453047	0.004511	8.8
433	-0.556941	112.987813	463.964275	0.004577	8.4
434	-0.558474	112.043039	467.259006	0.003875	8.3
435	-0.549610	113.043039	463.773118	0.004429	8.3
436	-0.569902	114.043039	460.338856	0.003905	8.5
437	-0.549535	115.043039	456.955083	0.004346	8.2
438	-0.565429	114.098149	460.151073	0.004226	8.1
439	-0.549508	115.098149	456.770049	0.003984	8.1
440	-0.571887	114.170043	459.906328	0.004043	8.2
441	-0.560789	113.515632	462.143748	0.004955	8.5
442	-0.561828	114.515632	458.733487	0.004922	8.5
443	-0.565680	113.570742	461.954489	0.004342	8.8
444	-0.559573	114.570742	458.547010	0.003935	8.2
445	-0.552823	115.570742	455.189431	0.003769	8.2
446	-0.566092	116.570742	451.880665	0.004821	8.9
447	-0.581709	116.862665	450.923811	0.005144	8.4
448	-0.553051	117.862665	447.676546	0.003347	8.4
449	-0.535959	118.862665	444.475717	0.004435	8.2
450	-0.582133	118.710917	444.958488	0.004098	8.3
451	-0.591434	117.766027	447.988313	0.005024	8.4
452	-0.547787	118.766027	444.783040	0.004812	8.5
453	-0.547640	119.766027	441.623307	0.004416	8.1
454	-0.577538	118.887967	444.395323	0.004848	8.8
455	-0.575592	117.943077	447.417457	0.004761	8.5
456	-0.562818	118.943077	444.220318	0.004756	8.6
457	-0.554220	119.937169	441.087035	0.003827	8.4
458	-0.562670	118.992279	444.064190	0.004522	8.7
459	-0.566170	118.047390	447.081807	0.004404	8.4
460	-0.589303	119.047390	443.889447	0.004498	8.0
461	-0.541234	118.102500	446.904681	0.004131	8.4
462	-0.564386	117.157610	449.961160	0.004989	8.4
463	-0.557727	117.910302	447.523024	0.004791	8.3
464	-0.540206	118.910302	444.324382	0.004029	8.6
465	-0.557860	117.965412	447.345548	0.004734	8.4
466	-0.582537	118.965401	444.149465	0.004547	8.3
467	-0.580698	118.020512	447.168246	0.004242	8.4
468	-0.540771	119.020512	443.974655	0.003903	8.3
469	-0.588382	118.075622	446.991051	0.004179	8.2
470	-0.579428	119.075622	443.799981	0.004499	8.8
471	-0.568038	118.131008	446.813110	0.004422	8.3
472	-0.561760	117.186118	449.868330	0.004100	8.7
473	-0.562165	116.986785	450.518200	0.004691	8.4
474	-0.552183	117.986785	447.276755	0.004406	8.4
475	-0.539660	118.986785	444.081620	0.004088	8.2
476	-0.572453	119.986785	440.931809	0.004501	8.7
477	-0.543154	120.982443	437.839758	0.004490	8.4
478	-0.554106	121.982443	434.777565	0.004635	8.5
479	-0.583379	122.982442	431.757911	0.005738	8.4
480	-0.545077	122.037552	434.610055	0.004369	8.4
481	-0.570616	121.092662	437.500131	0.004353	8.5
482	-0.538599	122.092500	434.443163	0.005001	8.2
483	-0.546679	121.147610	437.331012	0.004243	8.2
484	-0.564744	122.147610	434.275907	0.005114	8.3
485	-0.579187	121.203095	437.160374	0.004141	8.3
486	-0.551556	122.203095	434.107644	0.004132	8.4
487	-0.560359	121.258205	436.991020	0.004675	9.0
488	-0.552587	120.313315	439.912955	0.004062	8.4
489	-0.552898	119.368425	442.874229	0.004543	8.5
490	-0.560542	120.368425	439.741463	0.004213	8.2
491	-0.559142	121.368425	436.652706	0.004600	8.4
492	-0.573448	122.368425	433.607037	0.004064	8.3
493	-0.556972	123.368425	430.603562	0.004537	8.9
494	-0.569029	124.368425	427.641409	0.004177	8.7
495	-0.543281	123.423536	430.439249	0.004029	8.4
496	-0.582684	124.423533	427.479357	0.004207	8.4
497	-0.575570	125.423532	424.559886	0.004956	8.6
498	-0.569179	126.423532	421.680021	0.003906	8.2
499	-0.591254	125.478643	424.400153	0.004461	8.6
500	-0.567834	126.478643	421.522447	0.003580	8.4
501	-0.590188	125.561398	424.160517	0.004968	8.3
502	-0.578170	126.561393	421.286061	0.004392	8.1
503	-0.561312	125.616503	424.001097	0.003872	8.3
504	-0.574634	126.616503	421.128782	0.004649	8.4
505	-0.571974	127.616503	418.295121	0.004530	8.9
506	-0.582864	126.671614	420.971618	0.004143	8.3
507	-0.557221	125.775249	423.542516	0.004568	8.4
508	-0.555338	124.830359	426.286807	0.004148	8.5
509	-0.581017	123.885469	429.066894	0.004107	8.4
510	-0.580226	123.305095	430.792539	0.004287	8.5
511	-0.536624	124.305095	427.827794	0.004365	8.5
512	-0.560415	125.305095	424.903578	0.004434	8.2
513	-0.559087	124.360205	427.665593	0.004415	8.2
514	-0.556697	125.360205	424.743586	0.004845	8.5
515	-0.548418	124.415315	427.503515	0.004661	8.3
516	-0.578252	123.470425	430.299545	0.004342	8.9
517	-0.563114	124.470394	427.341651	0.004367	8.4
518	-0.550280	125.354590	424.759880	0.004245	8.3
519	-0.563218	124.409700	427.520021	0.004403	8.1
520	-0.580288	125.409700	424.599996	0.004605	8.6
521	-0.537910	126.409700	421.719589	0.004175	8.3
522	-0.549276	125.466301	424.435915	0.003633	8.6
523	-0.595130	124.521411	427.191834	0.004528	8.4
524	-0.567197	125.521411	424.276275	0.005193	8.5
525	-0.557872	126.520530	421.402757	0.004239	8.4
526	-0.580356	127.520530	418.565421	0.004025	8.4
527	-0.539475	128.451393	415.958374	0.004176	8.4
528	-0.575113	129.451393	413.193638	0.004705	8.6
529	-0.558347	130.451384	410.465436	0.004192	8.2
530	-0.555640	131.451379	407.773014	0.003866	8.2
531	-0.560817	130.506489	410.316143	0.004598	8.2
532	-0.533901	129.561600	412.891191	0.004339	8.1
533	-0.565320	130.539903	410.225670	0.004412	8.4
534	-0.558078	131.539903	407.536369	0.004132	8.7
535	-0.563418	130.610227	410.035389	0.004355	8.5
536	-0.559444	131.610227	407.348574	0.004245	8.3
537	-0.572849	132.610227	404.696742	0.005122	8.2
538	-0.581317	131.665337	407.201527	0.004978	8.6
539	-0.544599	130.720447	409.737511	0.004727	8.2
540	-0.572378	129.775557	412.305280	0.004346	8.5
541	-0.565014	130.775557	409.588734	0.004226	8.5
542	-0.581582	129.830667	412.154633	0.005472	8.3
543	-0.551552	128.885777	414.752883	0.004805	8.3
544	-0.545809	127.940887	417.384101	0.004454	8.4
545	-0.553944	128.426044	416.028938	0.003998	8.5
546	-0.583825	129.426044	413.263267	0.003981	8.4
547	-0.570690	128.481154	415.875558	0.003897	8.4
548	-0.575024	129.479218	413.117235	0.003676	8.4
549	-0.571012	128.534328	415.727674	0.003980	8.7
550	-0.551641	129.534328	412.965994	0.003782	8.4
551	-0.551085	128.589438	415.574517	0.004456	7.9
552	-0.557569	129.589438	412.814864	0.006348	8.3
553	-0.562946	128.644554	415.421455	0.004002	8.5
554	-0.563784	127.699664	418.061189	0.004502	9.0
555	-0.581256	128.699573	415.268775	0.004530	9.1
556	-0.557774	127.754683	417.906563	0.004453	9.4
557	-0.578685	128.754683	415.115955	0.004852	8.7
558	-0.570892	127.809793	417.751796	0.004306	8.5
559	-0.550352	126.980205	420.093744	0.005281	8.4
560	-0.576087	126.035315	422.793384	0.004313	8.4
561	-0.542750	127.035314	419.937354	0.004958	9.8
562	-0.547288	128.035314	417.119651	0.004501	9.5
563	-0.573262	127.090424	419.781080	0.004504	9.2
564	-0.555681	126.145534	422.476689	0.004088	8.2
565	-0.578702	125.200644	425.207142	0.004383	8.3
566	-0.569360	126.086321	422.646769	0.004808	8.4
567	-0.535877	125.141583	425.378986	0.004644	8.4
568	-0.549213	124.750796	426.519511	0.004671	8.6
569	-0.577961	125.750796	423.613091	0.004364	8.4
570	-0.548464	124.805906	426.358300	0.004257	8.6
571	-0.575678	123.861016	429.139322	0.004507	8.4
572	-0.542188	124.861016	426.197211	0.003917	8.2
573	-0.548545	123.916211	428.975874	0.004618	8.5
574	-0.563688	122.971321	431.791261	0.004075	9.5
575	-0.579219	123.971321	428.812801	0.004422	9.1
576	-0.591166	123.103011	431.396663	0.005411	8.9
577	-0.575481	124.103011	428.423625	0.004920	8.6
578	-0.565718	125.103011	425.491286	0.004214	8.4
579	-0.565791	126.103011	422.598814	0.005363	8.3
580	-0.570167	127.097985	419.759650	0.004678	8.7
581	-0.579893	128.097985	416.944322	0.004524	8.2
582	-0.563678	129.097985	414.166508	0.004097	8.5
583	-0.571789	128.153095	416.790267	0.005259	8.9
584	-0.551176	127.208205	419.447481	0.003812	10.0
585	-0.567004	128.208205	416.636325	0.003900	9.4
586	-0.553126	129.208205	413.862600	0.003654	8.4
587	-0.560501	130.208204	411.125566	0.004886	8.4
588	-0.562921	131.208204	408.424492	0.004007	8.5
589	-0.576810	132.208192	405.758710	0.004568	8.4
590	-0.577215	133.170199	403.226816	0.005245	8.8
591	-0.574898	132.247775	405.653905	0.004116	8.5
592	-0.556574	133.247775	403.024020	0.004484	8.3
593	-0.555428	134.244985	400.435212	0.004311	8.5
594	-0.549234	135.232226	397.904836	0.004492	8.4
595	-0.573492	136.133140	395.623471	0.004436	8.5
596	-0.547789	135.299643	397.733206	0.004821	9.0
597	-0.570537	136.299643	395.204699	0.004984	8.1
598	-0.572688	137.299643	392.708139	0.005078	8.3
599	-0.573968	136.354753	395.066288	0.004163	8.2
600	-0.563151	137.354731	392.571524	0.004568	8.3
601	-0.561807	136.409841	394.928028	0.004396	8.3
602	-0.563764	137.409841	392.434950	0.004553	8.8
603	-0.553947	138.409841	389.973152	0.003974	8.3
604	-0.564193	137.464951	392.298472	0.004588	8.2
605	-0.565690	136.540710	394.599963	0.004309	8.1
606	-0.577979	137.540710	392.111012	0.004104	8.5
607	-0.588132	138.528570	389.682916	0.003912	8.4
608	-0.586624	139.528570	387.255417	0.004621	8.7
609	-0.553707	138.583680	389.548344	0.004812	9.4
610	-0.576129	139.583680	387.122516	0.004409	8.9
611	-0.566256	140.583680	384.726714	0.005441	8.2
612	-0.579574	139.638790	386.989707	0.005045	8.5
613	-0.558749	140.638790	384.595543	0.004135	8.6
614	-0.575524	139.696319	386.851164	0.004840	8.4
615	-0.574104	138.751429	389.139293	0.004937	9.9
616	-0.564210	138.324825	390.181244	0.004001	8.3
617	-0.567658	139.324825	387.747552	0.004134	8.7
618	-0.560595	138.379935	390.046328	0.004728	8.3
619	-0.563619	137.461156	392.307867	0.004267	8.5
620	-0.596778	136.516266	394.661197	0.004335	8.6
621	-0.576987	135.571428	397.042800	0.004201	8.6
622	-0.549063	136.571363	394.523200	0.004379	8.4
623	-0.563402	137.571363	392.035215	0.004677	8.3
624	-0.563233	136.626473	394.385265	0.004329	8.4
625	-0.564851	137.430924	392.382729	0.003766	8.4
626	-0.557237	136.486640	394.735441	0.004591	8.8
627	-0.552744	135.541802	397.117941	0.003807	8.7
628	-0.548475	136.541802	394.597226	0.004160	8.3
629	-0.569696	137.541802	392.108310	0.004446	8.2
630	-0.561398	138.541802	389.650595	0.004105	8.2
631	-0.573947	139.541802	387.223497	0.004865	8.6
632	-0.560815	139.711771	386.813971	0.004586	9.0
633	-0.560808	138.766881	389.101657	0.004940	8.1
634	-0.571421	139.766881	386.681372	0.004598	8.3
635	-0.557052	138.821991	388.967487	0.004378	8.1
636	-0.548326	139.821991	386.548865	0.004425	8.4
637	-0.551087	140.821991	384.160137	0.004519	8.3
638	-0.566534	141.821980	381.800776	0.004227	8.8
639	-0.555783	142.821980	379.470192	0.004556	8.5
640	-0.575623	141.877090	381.671592	0.004234	8.3
641	-0.566799	142.875912	379.345307	0.004324	8.2
642	-0.557786	141.931022	381.545254	0.003892	8.6
643	-0.561893	142.931022	379.217779	0.003851	8.3
644	-0.587148	142.123014	381.096185	0.003805	8.6
645	-0.556269	143.123014	378.774170	0.004458	8.2
646	-0.561004	144.092555	376.549736	0.004655	8.4
647	-0.560646	143.147665	378.717285	0.004469	8.1
648	-0.565947	144.147665	376.424081	0.004132	8.4
649	-0.547544	145.108542	374.246607	0.004487	8.3
650	-0.552930	144.203962	376.295808	0.004015	8.5
651	-0.560120	145.203962	374.031748	0.004914	8.4
652	-0.583332	146.203961	371.794769	0.004594	8.3
653	-0.552559	147.203961	369.584389	0.003817	8.4
654	-0.553636	147.407502	369.137701	0.004332	8.2
655	-0.581344	146.462658	371.220420	0.004099	8.2
656	-0.555531	147.462658	369.016843	0.004432	8.4
657	-0.564489	146.517768	371.098295	0.004143	8.4
658	-0.557615	147.517768	368.896164	0.004664	8.5
659	-0.551128	148.517744	366.720066	0.004811	8.2
660	-0.557487	149.517744	364.569439	0.004397	8.6
661	-0.591703	150.517744	362.443889	0.004454	12.2
662	-0.563414	151.517744	360.342982	0.004339	9.0
663	-0.577820	152.517744	358.266289	0.003971	10.7
664	-0.553226	153.517461	356.213973	0.003941	9.3
665	-0.546303	154.505169	354.209273	0.004131	9.4
666	-0.543295	153.560283	356.126590	0.004612	9.0
667	-0.599883	154.560281	354.098078	0.005802	8.7
668	-0.582067	153.615391	356.014196	0.004150	8.4
669	-0.573112	154.578690	354.060953	0.004358	8.3
670	-0.556668	153.633803	355.976661	0.004141	8.4
671	-0.571983	152.689918	357.911149	0.004342	8.5
672	-0.558107	153.689918	355.862312	0.004631	9.6
673	-0.558314	152.745028	357.797624	0.005001	9.2
674	-0.561669	153.745028	355.750082	0.004779	10.4
675	-0.576904	154.745028	353.725843	0.005113	8.8
676	-0.570353	155.745028	351.724509	0.004304	8.5
677	-0.559838	156.745028	349.745695	0.004114	9.0
678	-0.564363	155.800138	351.614875	0.004009	8.4
679	-0.551919	154.864922	353.484694	0.003926	8.4
680	-0.580506	155.863044	351.489812	0.004057	8.2
681	-0.562598	156.863044	349.513630	0.003971	9.0
682	-0.563964	157.862835	347.559952	0.003932	8.3
683	-0.591801	156.929157	349.383763	0.004038	8.4
684	-0.558439	155.984267	351.249065	0.004027	9.5
685	-0.566062	156.963776	349.315797	0.004307	8.4
686	-0.564185	156.018886	351.180372	0.005030	9.2
687	-0.582409	157.018757	349.207910	0.004448	8.9
688	-0.566702	158.018751	347.257244	0.003973	8.8
689	-0.570926	157.073867	349.099838	0.005471	8.5
690	-0.541749	156.128977	350.962102	0.004868	8.5
691	-0.578729	155.184087	352.844341	0.004070	8.7
692	-0.572332	154.823579	353.567813	0.004243	9.1
693	-0.562251	153.878689	355.478181	0.004485	8.4
694	-0.570034	154.637141	353.943124	0.003778	8.3
695	-0.553231	155.637141	351.939337	0.004242	9.1
696	-0.557827	154.692251	353.832101	0.004255	9.9
697	-0.551322	155.692251	351.829568	0.004426	9.0
698	-0.562312	154.747361	353.721148	0.004532	8.8
699	-0.578765	155.747361	351.719867	0.005066	8.6
700	-0.567055	156.747361	349.741104	0.004619	8.4
701	-0.559169	157.747361	347.784482	0.004244	8.2
702	-0.576261	156.802471	349.632702	0.004296	8.8
703	-0.552854	155.857581	351.500670	0.004269	8.4
704	-0.560963	154.912691	353.388706	0.003822	8.0
705	-0.570839	155.912680	351.391196	0.004280	7.8
706	-0.582993	154.970575	353.272461	0.004070	8.0
707	-0.595438	155.970575	351.276240	0.004243	8.2
708	-0.557753	155.051362	353.110351	0.004188	8.6
709	-0.562514	154.106472	355.015765	0.004928	8.4
710	-0.558725	155.106472	352.999850	0.004125	8.3
711	-0.592377	156.106472	351.006699	0.004916	8.4
712	-0.551178	157.106466	349.035943	0.003961	8.5
713	-0.557609	158.106466	347.087180	0.005666	8.4
714	-0.554296	157.161576	348.927977	0.003960	8.6
715	-0.560883	156.216686	350.788403	0.005081	8.4
716	-0.561873	157.216686	348.820078	0.005070	8.3
717	-0.555765	158.216676	346.873738	0.004932	8.2
718	-0.577661	159.216676	344.948979	0.004383	8.3
719	-0.544598	160.216676	343.045462	0.004530	8.2
720	-0.543733	161.216676	341.162838	0.004095	8.7
721	-0.552535	162.216676	339.300765	0.004037	8.3
722	-0.548702	163.216676	337.458908	0.004395	8.4
723	-0.563169	164.204994	335.658110	0.003737	8.3
724	-0.553675	165.204994	333.855484	0.004044	8.3
725	-0.569135	164.260104	335.558261	0.004406	8.6
726	-0.576148	165.260104	333.756703	0.004323	8.4
727	-0.562830	164.315214	335.458471	0.003902	8.3
728	-0.552384	163.370324	337.177681	0.004407	8.6
729	-0.572499	162.425434	338.914603	0.003828	8.3
730	-0.567040	163.425375	337.077034	0.004254	8.4
731	-0.554977	164.425375	335.259175	0.004188	8.7
732	-0.556307	165.425375	333.460819	0.003713	8.2
733	-0.572495	166.425375	331.681654	0.004741	8.4
734	-0.562822	165.480485	333.362272	0.004711	8.3
735	-0.554147	166.480485	331.584155	0.004054	8.2
736	-0.558228	167.480485	329.824907	0.004221	8.3
737	-0.582728	168.480429	328.084323	0.004791	8.6
738	-0.546553	167.591028	329.631579	0.005174	8.3
739	-0.542014	168.591028	327.892933	0.004211	8.3
740	-0.586433	167.646138	329.535282	0.005916	8.4
741	-0.546516	168.620683	327.841653	0.004731	8.5
742	-0.552929	167.675793	329.483487	0.004383	8.3
743	-0.549934	168.675793	327.746399	0.004960	8.6
744	-0.560393	169.675047	326.028807	0.003841	8.4
745	-0.547450	170.675047	324.327862	0.003802	8.5
746	-0.572967	169.730158	325.934603	0.004089	8.9
747	-0.591040	170.730158	324.234638	0.004882	8.5
748	-0.583960	171.730158	322.552313	0.004861	8.9
749	-0.561885	172.730158	320.887357	0.004234	9.8
750	-0.566314	171.785268	322.460108	0.005121	9.2
751	-0.542022	170.840378	324.048352	0.004858	8.6
752	-0.565909	171.840378	322.367955	0.004711	8.7
753	-0.571992	172.840378	320.704896	0.003902	8.2
754	-0.545067	173.840378	319.058908	0.004714	8.5
755	-0.566728	174.840378	317.429730	0.003916	8.8
756	-0.580730	175.840378	315.817105	0.005122	8.5
757	-0.558870	176.840378	314.220782	0.004576	8.9
758	-0.554122	175.895496	315.728697	0.004579	8.4
759	-0.554397	176.890782	314.140747	0.004347	8.2
760	-0.572154	177.890782	312.561284	0.003898	8.6
761	-0.559753	178.889377	310.999810	0.004943	8.8
762	-0.567225	177.961860	312.449624	0.003942	8.4
763	-0.569187	178.961860	310.887078	0.004074	8.5
764	-0.556459	179.961860	309.340082	0.003918	8.1
765	-0.538488	180.961857	307.808411	0.004080	8.4
766	-0.530244	181.961827	306.291874	0.004720	8.7
767	-0.573676	181.016937	307.724487	0.003908	8.8
768	-0.567825	180.072047	309.170565	0.004494	8.4
769	-0.559278	181.035117	307.696796	0.004095	8.5
770	-0.567123	182.035117	306.181311	0.004215	8.5
771	-0.589122	183.035117	304.680680	0.004995	8.5
772	-0.563948	182.090269	306.098163	0.004245	8.7
773	-0.574215	181.145379	307.528961	0.004631	8.5
774	-0.563020	180.203185	308.969056	0.004267	8.5
775	-0.554255	179.258308	310.426862	0.004469	8.5
776	-0.551533	178.313418	311.898510	0.004483	8.4
777	-0.580384	179.313418	310.341458	0.004998	8.4
778	-0.557858	178.368654	311.812098	0.004067	8.8
779	-0.553951	179.368654	310.255906	0.004649	8.2
780	-0.566708	180.368653	308.715171	0.004714	8.5
781	-0.575029	181.368653	307.189662	0.003923	8.5
782	-0.559308	180.423768	308.630698	0.004918	8.3
783	-0.569055	181.423768	307.106022	0.004534	8.4
784	-0.552160	180.478878	308.546279	0.004257	8.8
785	-0.589893	179.533988	310.000109	0.004536	8.6
786	-0.575559	180.533988	308.461906	0.005419	8.2
787	-0.589822	181.533988	306.938893	0.004412	8.4
788	-0.560666	182.533988	305.430846	0.004153	8.3
789	-0.560445	183.446873	304.067054	0.004343	8.3
790	-0.569444	182.501983	305.478883	0.003921	8.5
791	-0.596029	181.557093	306.903882	0.004767	8.2
792	-0.564880	182.525028	305.444292	0.005066	9.1
793	-0.571411	183.525028	303.950860	0.004614	9.1
794	-0.572387	182.580139	305.361607	0.004193	9.5
795	-0.556916	183.580139	303.868981	0.004495	8.7
796	-0.543057	184.580139	302.390876	0.004285	8.6
797	-0.565792	183.635249	303.787146	0.004384	8.6
798	-0.571335	182.690391	305.196322	0.004303	8.3
799	-0.566169	183.690391	303.705308	0.004553	8.8
800	-0.568840	182.761524	305.089778	0.004204	8.2
801	-0.561867	183.761524	303.599802	0.004382	8.2
802	-0.551635	182.816708	305.007175	0.005032	8.4
803	-0.588332	181.871818	306.427767	0.003977	8.5
804	-0.563205	182.871818	304.924726	0.004967	8.7
805	-0.578752	183.871481	303.436857	0.004177	9.4
806	-0.572696	184.871481	301.962943	0.004621	9.2
807	-0.577101	183.926970	303.354694	0.003833	9.9
808	-0.558891	182.982080	304.759900	0.004794	9.3
809	-0.594405	182.037190	306.178184	0.004063	8.8
810	-0.561158	183.037190	304.677584	0.004164	9.3
811	-0.566485	184.037190	303.191622	0.004226	9.5
812	-0.561598	183.092315	304.595291	0.004682	9.7
813	-0.549050	184.085848	303.119688	0.004252	9.3
814	-0.591585	185.085848	301.648846	0.004790	9.0
815	-0.573649	186.085848	300.192209	0.003689	9.2
816	-0.562695	185.140961	301.568199	0.004416	8.8
817	-0.562459	186.140961	300.112339	0.004292	8.4
818	-0.572482	187.140959	298.670471	0.004211	7.9
819	-0.555907	188.140959	297.242389	0.004479	8.2
820	-0.575782	187.197085	298.589955	0.004140	8.7
821	-0.567103	186.252258	299.951175	0.004328	8.1
822	-0.566742	185.307368	301.324955	0.004136	8.5
823	-0.569870	185.987922	300.334230	0.004642	9.1
824	-0.568405	186.979967	298.901664	0.004470	8.7
825	-0.578027	186.035077	300.265825	0.004071	10.6
826	-0.567268	185.090187	301.642495	0.004297	9.1
827	-0.539831	186.090187	300.185919	0.004253	8.6
828	-0.582001	185.145297	301.561855	0.004332	8.9
829	-0.568679	186.145297	300.106056	0.003810	8.4
830	-0.559029	186.479480	299.622683	0.004184	9.2
831	-0.556153	186.540671	299.534342	0.004022	8.7
832	-0.576060	185.595781	300.904297	0.005421	8.6
833	-0.578036	184.650891	302.286841	0.004021	8.3
834	-0.552278	185.650891	300.824052	0.004720	8.6
835	-0.568067	184.706001	302.205857	0.003629	8.5
836	-0.551989	185.706001	300.743849	0.004243	8.6
837	-0.554492	184.761111	302.124915	0.004304	8.9
838	-0.561254	185.761111	300.663688	0.004069	8.7
839	-0.577612	184.816221	302.044017	0.004565	8.4
840	-0.576560	185.816221	300.583571	0.003893	9.0
841	-0.559767	186.816221	299.137180	0.004810	8.4
842	-0.575207	185.871331	300.503496	0.004645	8.5
843	-0.581214	184.926508	301.882254	0.004477	8.6
844	-0.565451	183.987006	303.265848	0.005066	8.4
845	-0.556017	183.042187	304.670123	0.004606	8.3
846	-0.552297	184.042187	303.184233	0.004624	8.2
847	-0.553891	183.480809	304.016589	0.004906	8.6
848	-0.573663	182.535919	305.427948	0.004517	8.2
849	-0.554705	183.535919	303.934675	0.004487	8.2
850	-0.580535	184.535914	302.455940	0.004182	8.2
851	-0.566914	185.535914	300.991517	0.004241	8.5
852	-0.563859	184.591024	302.374865	0.004211	9.0
853	-0.560640	183.646134	303.770987	0.004441	9.0
854	-0.577052	184.646134	302.293833	0.004167	8.4
855	-0.572709	183.701244	303.689205	0.004127	8.4
856	-0.572704	182.756354	305.097519	0.003969	8.2
857	-0.546899	181.811465	306.518955	0.004310	8.4
858	-0.556493	182.811465	305.015021	0.004200	8.3
859	-0.590162	181.866575	306.435687	0.004991	8.8
860	-0.567590	180.921685	307.869649	0.004565	8.8
861	-0.556985	179.976795	309.317094	0.004293	8.3
862	-0.550614	179.031905	310.778214	0.005020	8.3
863	-0.556025	180.031905	309.232299	0.004573	8.4
864	-0.561838	179.087016	310.692615	0.004379	9.7
865	-0.575581	180.087016	309.147550	0.004416	8.7
866	-0.547340	179.143203	310.605393	0.004181	8.8
867	-0.552495	180.143203	309.061192	0.003994	8.3
868	-0.577482	181.143203	307.532270	0.003760	8.2
869	-0.550380	182.143203	306.018401	0.004493	8.3
870	-0.575892	183.143203	304.519363	0.004206	8.5
871	-0.541921	184.143203	303.034940	0.003945	8.7
872	-0.559358	183.198313	304.437178	0.004185	8.3
873	-0.560672	182.253423	305.852454	0.003714	8.5
874	-0.568557	183.253423	304.355037	0.004907	8.3
875	-0.545626	182.308533	305.769547	0.004170	9.1
876	-0.565799	183.308533	304.272940	0.004020	9.5
877	-0.573906	184.308511	302.790945	0.004849	8.9
878	-0.542258	183.363847	304.190585	0.004747	8.4
879	-0.553597	182.418957	305.603564	0.003978	8.5
880	-0.560089	183.418928	304.108620	0.004721	8.2
881	-0.576273	182.474038	305.520836	0.003612	7.9
882	-0.564662	183.474038	304.026656	0.004877	8.5
883	-0.548906	184.416446	302.631846	0.004606	8.4
884	-0.557310	185.416232	301.166036	0.004760	8.4
885	-0.561640	186.416232	299.714047	0.004476	8.2
886	-0.561285	187.416232	298.275992	0.004266	8.2
887	-0.588536	188.416232	296.851671	0.004111	8.8
888	-0.583313	189.416232	295.440888	0.004294	8.7
889	-0.554762	190.416232	294.043450	0.004146	8.1
890	-0.556326	189.471343	295.363527	0.004614	8.3
891	-0.539388	188.526453	296.695512	0.004342	8.2
892	-0.573848	187.642415	297.952639	0.004028	8.2
893	-0.576193	188.642415	296.531397	0.004602	8.7
894	-0.587986	187.697526	297.873959	0.004896	8.4
895	-0.561172	186.752636	299.228734	0.005271	9.5
896	-0.564691	187.752636	297.795321	0.003903	9.1
897	-0.552750	188.752636	296.375576	0.004706	9.4
898	-0.568155	187.807746	297.716725	0.004193	9.7
899	-0.568747	188.807746	296.297727	0.004458	8.9
900	-0.567745	189.807746	294.892192	0.004940	9.9
901	-0.571703	190.807746	293.499929	0.004710	9.2
902	-0.582463	191.807746	292.120750	0.004733	8.6
903	-0.557753	192.807746	290.754472	0.004225	8.4
904	-0.567005	193.807746	289.400915	0.004965	8.3
905	-0.562114	194.807565	288.060145	0.004857	8.4
906	-0.558576	193.862675	289.326931	0.004414	9.8
907	-0.574488	194.862675	287.986602	0.004677	8.1
908	-0.577916	193.917785	289.252741	0.003997	8.2
909	-0.573755	194.917785	287.913098	0.004245	8.4
910	-0.541679	193.972895	289.178588	0.004151	8.3
911	-0.532796	193.028005	290.455253	0.004041	8.2
912	-0.547656	194.028005	289.104474	0.004229	8.8
913	-0.564959	193.084529	290.378565	0.004586	8.2
914	-0.563728	192.139639	291.665870	0.004168	8.1
915	-0.545982	193.139585	290.303907	0.003919	8.0
916	-0.568593	194.139585	288.954532	0.004686	8.2
917	-0.572958	193.194695	290.229215	0.004268	8.4
918	-0.552959	194.194695	288.880533	0.004411	9.3
919	-0.545133	193.249813	290.154551	0.004785	8.1
920	-0.571763	194.249813	288.806561	0.005161	8.2
921	-0.575506	194.090313	289.020725	0.004175	8.3
922	-0.570041	195.054794	287.730519	0.004590	8.1
923	-0.589531	194.109905	288.994402	0.004336	8.7
924	-0.556426	195.109905	287.657145	0.003811	8.4
925	-0.561899	196.109905	286.332207	0.004371	8.7
926	-0.586601	197.109905	285.019419	0.004080	8.3
927	-0.552705	196.165019	286.259539	0.004207	8.3
928	-0.562646	195.220129	287.510504	0.004505	8.2
929	-0.574369	196.220129	286.186913	0.004360	8.7
930	-0.558356	197.216610	284.880048	0.003936	8.1
931	-0.564193	196.272592	286.117810	0.004656	8.1
932	-0.575464	197.272592	284.806982	0.004330	8.1
933	-0.560075	196.327702	286.045256	0.004289	8.0
934	-0.553354	195.382815	287.294342	0.004448	8.2
935	-0.561969	196.382095	285.973682	0.004839	8.8
936	-0.550012	197.382095	284.664172	0.004288	8.2
937	-0.565292	196.437205	285.901202	0.004787	8.6
938	-0.571627	197.437148	284.592428	0.004838	8.8
939	-0.558315	198.437148	283.295508	0.004784	9.0
940	-0.570230	197.492258	284.520646	0.004151	9.2
941	-0.540405	198.409786	283.330836	0.003950	9.6
942	-0.584363	199.409786	282.045364	0.005382	9.9
943	-0.549908	200.409786	280.771503	0.004559	8.6
944	-0.558863	201.409782	279.509101	0.004667	9.6
945	-0.573237	202.409782	278.257996	0.003937	9.2
946	-0.591842	203.409782	277.018041	0.004871	9.7
947	-0.563826	204.409593	275.789319	0.004865	9.2
948	-0.559755	205.409593	274.571220	0.003831	13.2
949	-0.555306	204.464704	275.721908	0.004469	9.5
950	-0.565643	203.519822	276.882271	0.005106	9.4
951	-0.552955	204.519822	275.654520	0.004068	8.9
952	-0.561726	203.574932	276.814325	0.004825	9.2
953	-0.588919	202.630042	277.983931	0.004657	8.4
954	-0.560567	203.630042	276.746412	0.003980	8.3
955	-0.565847	204.630042	275.519863	0.004574	8.4
956	-0.574557	205.629354	274.304970	0.003955	8.5
957	-0.535583	206.625539	273.104497	0.004762	8.1
958	-0.556067	206.127147	273.703778	0.004737	8.5
959	-0.559528	207.127147	272.503992	0.004435	8.3
960	-0.566566	206.182257	273.637382	0.004767	8.3
961	-0.580092	207.182257	272.438177	0.004452	8.4
962	-0.571308	206.237368	273.571019	0.003848	8.6
963	-0.563898	205.292478	274.713322	0.004149	8.4
964	-0.564546	206.292477	273.504689	0.004066	8.3
965	-0.558035	207.078448	272.562176	0.003769	8.4
966	-0.587993	206.135321	273.693928	0.004710	8.1
967	-0.534744	207.135321	272.494228	0.004453	8.3
968	-0.554765	206.190431	273.627537	0.004118	9.4
969	-0.544983	205.245541	274.770313	0.005538	8.1
970	-0.583016	206.245541	273.561179	0.004670	8.0
971	-0.580136	207.245541	272.362640	0.004226	8.2
972	-0.558583	208.245541	271.174557	0.003964	8.2
973	-0.559996	209.245541	269.996795	0.004085	8.2
974	-0.568305	208.300651	271.109383	0.004179	8.7
975	-0.558444	209.300651	269.932186	0.005123	8.2
976	-0.553377	210.300651	268.765167	0.004375	8.8
977	-0.569973	209.355762	269.867608	0.005203	8.1
978	-0.587504	210.355762	268.701146	0.004201	8.3
979	-0.574263	211.355761	267.544725	0.004601	8.3
980	-0.565153	212.355761	266.398215	0.004485	8.7
981	-0.571572	211.410871	267.481284	0.004947	8.0
982	-0.580884	210.465984	268.573192	0.004335	8.2
983	-0.572317	209.521094	269.674055	0.004097	8.1
984	-0.559681	208.576204	270.783980	0.004872	8.1
985	-0.564103	207.631314	271.903078	0.004061	8.2
986	-0.555243	206.686425	273.031466	0.004267	8.8
987	-0.566294	205.741535	274.169258	0.004969	8.2
988	-0.578194	206.741535	272.965396	0.004586	8.2
989	-0.552455	207.741535	271.772061	0.004207	8.1
990	-0.583871	206.799506	272.895931	0.004455	8.2
991	-0.576548	205.854616	274.032591	0.005208	8.3
992	-0.578991	204.909726	275.178760	0.004434	8.6
993	-0.568175	205.909726	273.966036	0.004363	8.1
994	-0.577791	204.964847	275.111633	0.004128	8.3
995	-0.563221	205.964847	273.899500	0.005228	8.1
996	-0.561974	206.964847	272.698001	0.004657	8.0
997	-0.566387	207.964847	271.506998	0.004515	7.9
998	-0.573702	207.019957	272.632094	0.004448	8.8
999	-0.557335	208.019957	271.441664	0.004254	8.2
1000	-0.578182	207.075067	272.566217	0.004440	8.3
1001	-0.555900	207.757155	271.753503	0.004636	8.3
1002	-0.558632	206.812266	272.880646	0.004335	8.3
1003	-0.565544	205.867558	274.016959	0.004449	8.3
1004	-0.546526	206.867053	272.815035	0.004463	8.7
1005	-0.564043	207.867053	271.623011	0.004400	8.1
1006	-0.560719	208.867053	270.441359	0.004281	8.2
1007	-0.583558	209.866800	269.270238	0.004321	8.1
1008	-0.561715	208.921910	270.376835	0.003781	8.2
1009	-0.562893	207.977020	271.492564	0.003948	8.0
1010	-0.537604	208.977020	270.312043	0.004585	8.4
1011	-0.550234	208.032130	271.427237	0.004026	8.4
1012	-0.581783	207.091228	272.546905	0.004173	8.1
1013	-0.584758	206.739656	272.967648	0.004938	8.7
1014	-0.548997	205.794766	274.104907	0.004207	8.1
1015	-0.568742	204.849876	275.251682	0.004996	8.2
1016	-0.571019	205.849876	274.038317	0.004303	8.5
1017	-0.592701	206.849862	272.835619	0.004263	8.3
1018	-0.570485	207.849862	271.643416	0.003795	8.1
1019	-0.552163	206.904972	272.769644	0.004186	8.1
1020	-0.558939	207.904972	271.578016	0.004258	8.2
1021	-0.540997	208.904743	270.397023	0.004216	8.1
1022	-0.568034	207.959853	271.512920	0.003880	8.8
1023	-0.555578	208.959039	270.333180	0.004545	8.3
1024	-0.564623	209.959028	269.162712	0.004529	8.3
1025	-0.540204	209.049213	270.227216	0.004841	8.2
1026	-0.557663	210.049213	269.057650	0.005077	8.2
1027	-0.568962	209.104323	270.162496	0.004401	8.3
1028	-0.554216	210.104323	268.993490	0.004838	8.5
1029	-0.571086	211.104323	267.834556	0.005691	8.0
1030	-0.558423	210.159433	268.929360	0.004219	8.3
1031	-0.572913	211.159433	267.770977	0.004467	8.3
1032	-0.549793	210.214543	268.865260	0.004020	8.2
1033	-0.579058	211.214186	267.707840	0.005087	8.2
1034	-0.561954	210.272004	268.798459	0.004919	8.3
1035	-0.569249	211.272004	267.641202	0.004558	8.2
1036	-0.564060	212.272004	266.493867	0.004623	8.9
1037	-0.567998	213.272004	265.356326	0.005424	8.8
1038	-0.560578	214.272004	264.228456	0.004756	8.4
1039	-0.557497	215.272003	263.110133	0.003496	9.0
1040	-0.568809	214.327113	264.166578	0.004617	8.7
1041	-0.598792	215.327113	263.048777	0.004397	8.4
1042	-0.592111	214.382223	264.104729	0.004550	8.6
1043	-0.569765	215.382223	262.987450	0.004431	8.4
1044	-0.581704	216.382223	261.879585	0.004457	8.9
1045	-0.559832	217.382223	260.781015	0.004198	8.9
1046	-0.549731	218.382222	259.691625	0.004711	9.5
1047	-0.593455	217.437371	260.720699	0.004447	9.0
1048	-0.565193	218.437358	259.631825	0.004549	9.1
1049	-0.570814	219.437358	258.551994	0.004214	8.4
1050	-0.570691	218.495356	259.568951	0.004942	8.7
1051	-0.546463	219.495356	258.489641	0.004306	9.0
1052	-0.560192	218.550466	259.509235	0.003998	8.1
1053	-0.563542	217.605576	260.536905	0.003900	9.1
1054	-0.592539	216.660687	261.572745	0.003963	8.6
1055	-0.561879	217.659004	260.478579	0.004854	8.2
1056	-0.573836	218.659004	259.391707	0.004149	8.9
1057	-0.566794	217.757498	260.371124	0.004397	8.2
1058	-0.567856	216.812608	261.405645	0.006274	8.5
1059	-0.603077	215.867742	262.448393	0.004281	8.4
1060	-0.563942	216.866034	261.346932	0.005642	8.1
1061	-0.578669	215.921144	262.389237	0.005711	8.4
1062	-0.553095	216.921144	261.286395	0.004123	9.1
1063	-0.573093	215.976255	262.328217	0.004110	8.4
1064	-0.552905	215.031365	263.378379	0.005076	8.4
1065	-0.564611	214.086475	264.436984	0.004082	8.2
1066	-0.583697	215.086475	263.316898	0.004412	8.2
1067	-0.557156	214.141585	264.375008	0.004257	8.0
1068	-0.561141	215.141585	263.255446	0.003886	8.9
1069	-0.572263	216.137400	262.149953	0.004593	8.2
1070	-0.570956	216.754152	261.469917	0.003730	8.3
1071	-0.568617	215.809262	262.513205	0.004478	8.2
1072	-0.550828	214.864372	263.564852	0.004379	8.4
1073	-0.558079	215.864372	262.452127	0.004040	8.2
1074	-0.573444	216.864372	261.348758	0.004247	9.8
1075	-0.560194	217.864372	260.254628	0.003897	8.3
1076	-0.565218	216.919482	261.288221	0.004231	8.2
1077	-0.581629	217.919482	260.194597	0.003820	8.2
1078	-0.574313	216.974592	261.227712	0.005028	8.2
1079	-0.560042	216.029702	262.269065	0.004484	8.2
1080	-0.557029	215.324909	263.051231	0.004269	8.4
1081	-0.581526	216.324909	261.942830	0.004290	8.0
1082	-0.538014	215.380591	262.989267	0.004639	8.0
1083	-0.592579	216.380591	261.881386	0.004286	8.2
1084	-0.552074	215.435701	262.927967	0.004570	8.2
1085	-0.579884	214.490811	263.982947	0.004123	8.3
1086	-0.556724	213.545923	265.046425	0.004671	8.8
1087	-0.556556	214.545923	263.921182	0.005352	8.2
1088	-0.537228	215.545923	262.805452	0.004928	8.2
1089	-0.555029	214.601033	263.859447	0.004081	8.2
1090	-0.570237	213.656143	264.921930	0.004153	8.2
1091	-0.567010	214.656143	263.797742	0.004378	8.0
1092	-0.581267	214.991940	263.422379	0.004901	8.5
1093	-0.571147	214.047050	264.481338	0.004097	8.0
1094	-0.567037	215.047050	263.360878	0.004653	8.3
1095	-0.560572	216.046099	262.250923	0.005046	8.4
1096	-0.581760	215.101209	263.300465	0.004737	8.0
1097	-0.556660	214.156319	264.358442	0.004387	8.2
1098	-0.569537	215.156319	263.239021	0.004683	8.8
1099	-0.564240	214.211429	264.296503	0.003918	8.3
1100	-0.585259	215.211429	263.177605	0.004231	8.4
1101	-0.573689	216.185649	262.096625	0.004101	8.3
1102	-0.559487	217.185649	260.996237	0.004578	8.2
1103	-0.558477	216.240759	262.035741	0.004191	8.2
1104	-0.580363	215.295870	263.083559	0.004137	8.7
1105	-0.585624	216.295870	261.974885	0.003978	8.4
1106	-0.574764	217.262861	260.911658	0.004984	10.5
1107	-0.549111	218.262861	259.821177	0.004349	11.9
1108	-0.577293	219.262861	258.739773	0.004256	9.8
1109	-0.551929	218.317971	259.761346	0.004663	9.8
1110	-0.564109	219.317971	258.680439	0.004102	10.6
1111	-0.567597	220.317971	257.608490	0.004301	9.0
1112	-0.563115	219.373123	258.621087	0.004178	9.1
1113	-0.566716	220.373121	257.549631	0.004673	9.3
1114	-0.560354	221.373108	256.487028	0.004956	9.3
1115	-0.575732	222.373108	255.433144	0.003885	8.6
1116	-0.563601	223.306378	254.457369	0.004530	9.4
1117	-0.565133	224.306378	253.420065	0.004031	9.3
1118	-0.588264	225.306375	252.391186	0.004585	9.1
1119	-0.573892	224.361485	253.363148	0.004181	8.2
1120	-0.548780	225.361485	252.334728	0.003875	9.3
1121	-0.560860	224.416595	253.306253	0.005142	8.8
1122	-0.563142	225.416595	252.278294	0.004420	8.8
1123	-0.577047	224.471705	253.249384	0.004379	8.1
1124	-0.555964	225.471705	252.221885	0.004175	8.3
1125	-0.569232	224.526817	253.192540	0.004223	8.4
1126	-0.579540	224.382406	253.341546	0.005003	8.2
1127	-0.575097	225.382406	252.313301	0.005089	8.7
1128	-0.544076	224.437516	253.284661	0.004444	8.4
1129	-0.563961	223.492628	254.263528	0.004146	8.1
1130	-0.553883	224.492628	253.227801	0.004237	8.3
1131	-0.580545	223.550850	254.202994	0.004082	8.3
1132	-0.570175	224.550816	253.167793	0.004520	8.2
1133	-0.586960	223.605926	254.145757	0.004783	8.5
1134	-0.549031	224.605926	253.110986	0.004016	8.2
1135	-0.571770	225.605926	252.084608	0.004238	8.1
1136	-0.556900	226.605926	251.066520	0.004457	8.2
1137	-0.553714	227.605800	250.056749	0.004275	8.3
1138	-0.585211	228.604484	249.056255	0.004413	8.2
1139	-0.582123	227.659594	250.002653	0.004957	8.4
1140	-0.573119	228.659594	249.001279	0.004071	8.1
1141	-0.556260	229.659594	248.007894	0.003743	8.1
1142	-0.553015	228.714705	248.946326	0.004180	8.3
1143	-0.564399	229.714705	247.953379	0.005002	8.2
1144	-0.562446	228.769815	248.891398	0.004764	8.3
1145	-0.565556	229.769815	247.898888	0.004255	8.6
1146	-0.577142	228.824925	248.836493	0.005044	8.3
1147	-0.568153	229.824925	247.844421	0.004381	8.2
1148	-0.571425	230.824914	246.860238	0.004393	8.4
1149	-0.572574	231.819162	245.889425	0.004301	8.2
1150	-0.563001	230.874272	246.811863	0.004850	8.5
1151	-0.589402	229.929382	247.741248	0.004650	8.3
1152	-0.543275	230.929368	246.757885	0.004068	8.1
1153	-0.572360	231.929363	245.782291	0.004456	8.7
1154	-0.568203	232.929362	244.814375	0.004658	9.0
1155	-0.568525	231.984473	245.728750	0.004090	8.4
1156	-0.578859	232.978493	244.767017	0.005756	8.4
1157	-0.573701	232.033603	245.681038	0.004590	8.2
1158	-0.565472	233.033603	244.713917	0.004403	8.6
1159	-0.582100	234.033603	243.754381	0.004319	8.3
1160	-0.569883	235.033603	242.802341	0.004339	8.5
1161	-0.576720	234.088714	243.701720	0.004075	8.6
1162	-0.593700	233.143859	244.607753	0.004548	8.5
1163	-0.576374	232.198969	245.520582	0.004697	8.2
1164	-0.562553	231.254079	246.440250	0.004298	8.6
1165	-0.585565	230.309189	247.366833	0.004538	8.5
1166	-0.554452	230.000864	247.670694	0.005054	8.2
1167	-0.571678	231.000566	246.688169	0.004820	8.2
1168	-0.571599	230.056296	247.616010	0.004393	8.5
1169	-0.578583	231.056294	246.633628	0.004404	8.4
1170	-0.576796	230.111404	247.561668	0.004912	8.7
1171	-0.584920	231.111404	246.579715	0.004316	8.7
1172	-0.568021	231.767768	245.939420	0.005023	8.4
1173	-0.577908	232.767768	244.970268	0.004708	8.6
1174	-0.568903	231.822879	245.885809	0.004272	8.8
1175	-0.549224	232.822273	244.917664	0.004133	8.5
1176	-0.587135	231.877383	245.832812	0.004285	9.3
1177	-0.569555	232.867316	244.874209	0.004421	8.4
1178	-0.579300	233.867107	243.913618	0.004309	8.4
1179	-0.552486	232.922217	244.821265	0.004453	8.7
1180	-0.563086	231.977789	245.735242	0.004345	8.7
1181	-0.596166	232.977783	244.767701	0.004929	8.5
1182	-0.576568	232.032894	245.681726	0.004219	8.6
1183	-0.579403	233.032894	244.714601	0.005007	8.7
1184	-0.574501	232.094381	245.622041	0.004469	8.5
1185	-0.531221	231.149491	246.542470	0.004033	8.4
1186	-0.583605	230.204601	247.469823	0.004536	8.6
1187	-0.552237	229.259711	248.404180	0.005004	8.2
1188	-0.584887	228.314821	249.345618	0.004180	8.6
1189	-0.556262	229.314821	248.349490	0.005061	8.1
1190	-0.583820	229.546750	248.119595	0.004082	8.5
1191	-0.579422	228.617242	249.043526	0.004149	8.2
1192	-0.569482	229.577688	248.088961	0.004531	8.4
1193	-0.575888	230.577688	247.102828	0.004287	8.2
1194	-0.577685	229.632798	248.034410	0.004051	8.3
1195	-0.547695	228.687908	248.973042	0.005100	8.2
1196	-0.551822	229.687901	247.979891	0.004751	8.3
1197	-0.546238	230.687168	246.995342	0.004486	8.4
1198	-0.585377	231.687168	246.017867	0.004294	7.9
1199	-0.590056	230.742278	246.941271	0.005106	8.4
1200	-0.567685	229.797388	247.871633	0.004120	8.2
1201	-0.571325	228.852498	248.809032	0.004289	8.5
1202	-0.566482	229.852498	247.817178	0.004753	8.3
1203	-0.562064	228.907608	248.754164	0.004320	8.5
1204	-0.574146	227.962955	249.698026	0.004325	8.2
1205	-0.576214	227.032197	250.635035	0.004581	8.4
1206	-0.551142	228.030967	249.629831	0.004276	8.0
1207	-0.564054	229.030967	248.631435	0.004238	8.2
1208	-0.576109	230.030967	247.640994	0.004585	8.4
1209	-0.574288	231.030425	246.658943	0.004782	8.5
1210	-0.565862	232.030425	245.684123	0.004271	8.3
1211	-0.559716	233.030425	244.716979	0.004217	8.2
1212	-0.567241	234.030425	243.757419	0.004621	8.7
1213	-0.557337	233.085644	244.663796	0.004485	8.2
1214	-0.559953	234.085357	243.704927	0.004469	8.4
1215	-0.561781	235.085357	242.753272	0.004224	8.5
1216	-0.571114	234.157171	243.636336	0.005061	8.1
1217	-0.559045	235.157171	242.685215	0.004136	8.4
1218	-0.568660	236.156749	241.741888	0.004822	8.4
1219	-0.541587	235.211860	242.633414	0.004087	8.2
1220	-0.555709	236.211859	241.690093	0.004785	8.2
1221	-0.550946	235.266972	242.581234	0.004875	8.2
1222	-0.580333	234.322082	243.478973	0.004230	8.6
1223	-0.565564	233.377192	244.383381	0.004300	8.9
1224	-0.553840	234.377192	243.426431	0.004848	8.6
1225	-0.564866	233.432302	244.330448	0.005890	8.5
1226	-0.562761	234.432302	243.373911	0.004363	8.7
1227	-0.570636	235.432302	242.424834	0.004152	8.9
1228	-0.561824	236.432301	241.483132	0.004531	8.4
1229	-0.588098	237.432301	240.548716	0.005135	8.9
1230	-0.562376	236.487411	241.431447	0.005241	8.5
1231	-0.541524	235.542521	242.320680	0.004064	8.3
1232	-0.562503	236.542521	241.379784	0.005098	8.2
1233	-0.567234	237.542521	240.446167	0.004838	8.5
1234	-0.577453	238.542521	239.519744	0.004564	8.3
1235	-0.576758	239.542521	238.600433	0.004389	8.6
1236	-0.560475	238.597631	239.468896	0.005207	8.2
1237	-0.567958	237.652741	240.343705	0.004536	8.3
1238	-0.556560	238.652741	239.418070	0.004046	8.2
1239	-0.556670	239.344101	238.782281	0.004436	8.1
1240	-0.572133	238.399526	239.651781	0.004600	8.3
1241	-0.565921	237.460839	240.522156	0.004748	8.8
1242	-0.550455	236.515949	241.404691	0.003948	8.0
1243	-0.535448	237.515949	240.470882	0.004234	8.1
1244	-0.573489	238.515949	239.544269	0.003843	8.0
1245	-0.564999	239.515949	238.624769	0.004515	8.3
1246	-0.577495	240.515949	237.712302	0.004137	8.1
1247	-0.579557	239.571500	238.573897	0.005064	8.7
1248	-0.554162	238.626616	239.442162	0.004181	8.2
1249	-0.567093	237.681726	240.316775	0.004742	8.5
1250	-0.572987	236.736836	241.197801	0.004262	8.3
1251	-0.551659	237.736836	240.265588	0.004374	8.2
1252	-0.563072	236.791947	241.146238	0.004549	8.4
1253	-0.589820	235.847057	242.033368	0.004626	8.9
1254	-0.547621	234.902167	242.927049	0.005158	8.8
1255	-0.556926	233.957277	243.827354	0.004594	8.2
1256	-0.555544	234.957277	242.874745	0.004910	9.1
1257	-0.578148	235.957277	241.929550	0.004575	9.0
1258	-0.543987	236.957277	240.991683	0.004148	8.0
1259	-0.558965	236.012387	241.877674	0.004705	8.1
1260	-0.568901	235.067497	242.770203	0.005604	9.2
1261	-0.547124	234.122607	243.669344	0.004650	8.8
1262	-0.569713	233.631460	244.139347	0.005532	8.2
1263	-0.566726	232.686570	245.048676	0.004245	8.2
1264	-0.544863	231.741680	245.964806	0.004368	8.1
1265	-0.583132	232.741680	244.995454	0.005001	8.2
1266	-0.563907	231.796791	245.911184	0.004207	8.2
1267	-0.593337	232.796791	244.942254	0.004735	8.6
1268	-0.564850	231.851902	245.857586	0.004418	8.3
1269	-0.558374	230.907012	246.779785	0.003909	8.3
1270	-0.571465	231.907012	245.804012	0.004570	8.4
1271	-0.566195	230.962122	246.725809	0.004249	8.2
1272	-0.585569	230.017232	247.654545	0.004016	8.3
1273	-0.566872	229.072342	248.590299	0.003944	8.7
1274	-0.591564	228.127457	249.533147	0.004624	7.9
1275	-0.566946	229.127457	248.535523	0.004943	8.1
1276	-0.551648	228.918935	248.742890	0.004130	8.3
1277	-0.578781	227.974045	249.686903	0.003854	8.5
1278	-0.563384	228.974045	248.688052	0.004338	8.2
1279	-0.567230	228.029155	249.631647	0.004045	8.9
1280	-0.557758	227.084267	250.582429	0.004321	8.3
1281	-0.540261	228.084265	249.576416	0.003683	8.3
1282	-0.585257	229.084265	248.578447	0.004384	8.3
1283	-0.576309	228.139375	249.521210	0.004480	8.3
1284	-0.587938	229.139375	248.523681	0.004648	7.9
1285	-0.571203	230.139375	247.534096	0.004012	8.4
1286	-0.575672	229.444687	248.220711	0.004531	8.1
1287	-0.573894	230.295628	247.380182	0.005113	8.2
1288	-0.594301	231.295628	246.399665	0.005075	8.2
1289	-0.564848	232.295628	245.426890	0.003746	8.3
1290	-0.577227	233.295628	244.461766	0.004658	8.3
1291	-0.573496	232.350738	245.373504	0.004516	8.4
1292	-0.592052	233.315111	244.443038	0.004371	8.2
1293	-0.554146	234.315111	243.485621	0.004702	8.3
1294	-0.580451	235.315111	242.535674	0.004737	8.0
1295	-0.590844	234.558839	243.253407	0.004627	8.1
1296	-0.576897	235.558836	242.305271	0.003822	8.5
1297	-0.558109	236.558836	241.364494	0.004686	8.3
1298	-0.561557	237.558836	240.430995	0.004889	8.2
1299	-0.582429	236.613946	241.312860	0.004721	8.0
1300	-0.533185	237.613946	240.379760	0.004204	8.4
1301	-0.554710	238.613946	239.453847	0.004228	8.5
1302	-0.594970	239.612446	238.536414	0.004322	8.4
1303	-0.573665	240.611377	237.625591	0.004285	8.4
1304	-0.570182	239.666488	238.486960	0.004908	8.1
1305	-0.575570	240.666487	237.575545	0.004651	8.2
1306	-0.586864	239.721597	238.436550	0.004328	8.1
1307	-0.556594	238.776707	239.303819	0.003939	8.4
1308	-0.558532	239.776707	238.386161	0.004308	9.4
1309	-0.578332	238.831817	239.253063	0.005037	9.1
1310	-0.574250	237.886927	240.126293	0.004365	10.4
1311	-0.560195	236.942054	241.005906	0.004656	10.0
1312	-0.553419	235.997164	241.892001	0.004034	11.1
1313	-0.561871	235.052274	242.784637	0.004049	11.8
1314	-0.569813	236.052274	241.840141	0.004683	9.3
1315	-0.564525	237.052274	240.902966	0.004799	8.4
1316	-0.577613	238.052274	239.973027	0.003628	8.1
1317	-0.566499	237.107384	240.851530	0.003864	8.3
1318	-0.567530	236.162524	241.736461	0.003693	8.3
1319	-0.560003	237.162524	240.800087	0.003954	8.5
1320	-0.558194	238.157853	239.875263	0.004247	8.2
1321	-0.571025	239.157853	238.953226	0.004358	8.4
1322	-0.580818	240.157853	238.038250	0.004142	8.3
1323	-0.569414	241.157853	237.130254	0.004406	8.2
1324	-0.597520	240.212963	237.988029	0.005129	8.2
1325	-0.562964	241.212963	237.080416	0.004539	8.6
1326	-0.594801	240.268073	237.937830	0.003771	8.3
1327	-0.583095	241.268073	237.030598	0.004878	8.3
1328	-0.556245	240.323184	237.887650	0.004474	8.3
1329	-0.572294	240.505350	237.721936	0.004855	8.7
1330	-0.546380	241.501147	236.820140	0.004569	8.5
1331	-0.574996	240.556286	237.675642	0.004268	8.6
1332	-0.564873	241.556286	236.770405	0.004130	8.2
1333	-0.589343	242.556286	235.872037	0.004194	8.5
1334	-0.572120	243.556005	234.980711	0.004491	8.1
1335	-0.554109	242.611115	235.822978	0.004351	8.6
1336	-0.562174	241.666225	236.671305	0.004857	8.3
1337	-0.577757	242.666225	235.773688	0.005126	8.6
1338	-0.558606	241.721335	236.621659	0.004231	9.0
1339	-0.558770	240.776446	237.475752	0.005160	11.2
1340	-0.568785	239.868590	238.302197	0.004695	10.9
1341	-0.544319	238.923701	239.168487	0.004758	10.6
1342	-0.549648	239.923701	238.251865	0.003958	13.2
1343	-0.549270	238.978811	239.117788	0.004600	11.9
1344	-0.538593	239.942129	238.235039	0.004595	9.7
1345	-0.578934	240.942129	237.325544	0.005583	8.3
1346	-0.579352	239.997239	238.184735	0.004519	10.6
1347	-0.577401	240.997187	237.275670	0.004200	8.5
1348	-0.584040	241.997187	236.373472	0.004990	8.2
1349	-0.574800	241.052297	237.225771	0.004222	8.3
1350	-0.564839	240.107408	238.084238	0.004033	8.2
1351	-0.555159	240.831942	237.425417	0.004285	12.2
1352	-0.565148	241.831942	236.522082	0.004611	8.9
1353	-0.576052	242.831942	235.625594	0.004108	9.4
1354	-0.562525	243.831924	234.735893	0.004439	7.8
1355	-0.564178	244.831924	233.852869	0.004283	8.4
1356	-0.551716	243.887200	234.686909	0.004796	8.2
1357	-0.556532	244.887200	233.804253	0.005219	7.9
1358	-0.560452	245.887200	232.928212	0.004832	8.6
1359	-0.558362	246.887180	232.058728	0.004572	8.2
1360	-0.561645	245.942290	232.880142	0.004154	8.1
1361	-0.569291	246.942290	232.010999	0.003801	8.1
1362	-0.546022	245.997400	232.832074	0.004026	8.1
1363	-0.574095	245.052510	233.658981	0.004499	8.8
1364	-0.568556	244.107620	234.491782	0.004361	9.6
1365	-0.574539	243.569842	234.968422	0.004032	9.2
1366	-0.570127	244.556239	234.095642	0.005219	8.0
1367	-0.569310	245.556239	233.217420	0.004596	8.1
1368	-0.562080	244.611349	234.047071	0.004418	8.2
1369	-0.543786	245.611349	233.169212	0.005321	8.6
1370	-0.574451	246.611349	232.297915	0.004027	8.5
1371	-0.571400	247.610407	231.433916	0.003831	8.2
1372	-0.581077	248.610407	230.575514	0.004859	8.5
1373	-0.573146	247.665517	231.386443	0.004350	8.1
1374	-0.554910	248.665008	230.528828	0.004850	8.4
1375	-0.578975	249.665008	229.677115	0.004280	8.7
1376	-0.580226	248.720118	230.481726	0.004732	9.2
1377	-0.551198	249.720118	229.630360	0.004973	8.5
1378	-0.558843	250.720118	228.785261	0.004521	8.6
1379	-0.573040	251.720118	227.946360	0.004239	8.9
1380	-0.572798	252.718357	227.115050	0.004414	8.6
1381	-0.570371	251.773467	227.901778	0.004966	8.6
1382	-0.579460	252.773467	227.069332	0.004170	8.8
1383	-0.563080	251.828577	227.855743	0.004308	8.6
1384	-0.561378	250.914957	228.621327	0.004330	8.2
1385	-0.566598	249.970067	229.418544	0.004437	8.3
1386	-0.573454	249.025277	230.221256	0.004436	8.5
1387	-0.564109	248.080387	231.029690	0.004579	8.4
1388	-0.566738	249.080387	230.174279	0.005339	8.5
1389	-0.575809	248.138382	230.979906	0.004523	7.8
1390	-0.548614	249.138382	230.124864	0.003947	7.2
1391	-0.594087	250.138382	229.276128	0.004739	7.5
1392	-0.546742	249.193492	230.077926	0.004260	7.8
1393	-0.585884	248.248604	230.885350	0.004421	8.2
1394	-0.578920	248.521919	230.651215	0.004582	8.0
1395	-0.569897	249.521919	229.798600	0.004347	8.3
1396	-0.560344	250.521487	228.952629	0.004003	8.1
1397	-0.556836	251.521487	228.112502	0.004457	8.0
1398	-0.548957	250.576597	228.906168	0.005134	8.4
1399	-0.568479	251.576597	228.066382	0.004477	8.3
1400	-0.567973	250.631707	228.859726	0.004460	8.1
1401	-0.546687	251.631707	228.020280	0.003831	8.1
1402	-0.568059	252.631707	227.186969	0.004479	8.3
1403	-0.559925	253.629980	226.361150	0.004647	7.8
1404	-0.594860	254.629980	225.539900	0.004647	8.0
1405	-0.564470	253.685090	226.315735	0.004138	8.6
1406	-0.565276	254.658912	225.516229	0.004952	8.1
1407	-0.549049	255.658912	224.701087	0.004687	7.9
1408	-0.579408	256.658912	223.891817	0.004150	8.1
1409	-0.579345	255.714030	224.656330	0.005056	8.0
1410	-0.554137	254.769140	225.426088	0.004425	8.1
1411	-0.572689	253.824250	226.201139	0.004868	8.3
1412	-0.574444	252.879360	226.981538	0.004655	8.1
1413	-0.557648	253.879360	226.155788	0.004781	8.0
1414	-0.581402	254.879360	225.336025	0.004804	8.3
1415	-0.572862	255.858775	224.538876	0.004519	8.5
1416	-0.581235	254.913885	225.307828	0.004654	8.1
1417	-0.535539	255.913885	224.494189	0.004155	8.5
1418	-0.574897	256.713587	223.847738	0.004473	8.1
1419	-0.538514	255.768732	224.611927	0.004694	8.1
1420	-0.569207	256.768731	223.803298	0.004101	8.1
1421	-0.566545	255.823841	224.567212	0.004962	8.4
1422	-0.565473	256.823841	223.758904	0.004368	8.4
1423	-0.569820	257.823841	222.956394	0.004921	8.6
1424	-0.568478	257.274827	223.396270	0.004342	8.2
1425	-0.581655	258.274827	222.596354	0.004217	8.2
1426	-0.569269	259.274827	221.802147	0.004723	8.4
1427	-0.574997	260.274827	221.013586	0.004868	8.3
1428	-0.583023	259.329937	221.758543	0.005038	8.4
1429	-0.549638	260.329937	220.970292	0.004303	8.6
1430	-0.564040	261.329937	220.187625	0.003905	8.0
1431	-0.599307	260.530573	220.812815	0.004319	8.2
1432	-0.566285	259.585683	221.556416	0.004511	8.2
1433	-0.569717	260.585588	220.769673	0.004904	8.2
1434	-0.560897	261.585588	219.988424	0.005164	8.2
1435	-0.556441	262.585588	219.212685	0.005106	8.2
1436	-0.556280	261.640698	219.945530	0.004628	7.6
1437	-0.575004	262.640698	219.170093	0.004632	7.6
1438	-0.578388	261.695810	219.902651	0.005482	8.0
1439	-0.558973	262.695810	219.127516	0.005265	7.9
1440	-0.532748	261.750920	219.859791	0.004059	8.4
1441	-0.549013	260.887743	220.533030	0.004323	8.4
1442	-0.573356	261.887743	219.753453	0.004614	8.2
1443	-0.572479	262.887743	218.979367	0.004616	8.1
1444	-0.557299	261.942853	219.710650	0.004450	8.0
1445	-0.556552	260.997963	220.446834	0.004866	8.1
1446	-0.591453	261.997963	219.667864	0.004519	8.2
1447	-0.564120	261.053073	220.403761	0.004521	8.6
1448	-0.562358	260.108675	221.144218	0.003910	8.1
1449	-0.580565	259.163785	221.890057	0.004504	8.0
1450	-0.580533	258.219031	222.640835	0.004333	8.2
1451	-0.548271	259.219031	221.846311	0.004288	8.2
1452	-0.565489	258.276018	222.595404	0.004418	8.3
1453	-0.560308	259.276018	221.801204	0.004473	8.6
1454	-0.580463	260.274123	221.014140	0.005097	8.2
1455	-0.551955	261.274123	220.231163	0.004701	8.1
1456	-0.549918	262.273825	219.453945	0.003614	8.0
1457	-0.549523	263.273825	218.681964	0.004139	8.0
1458	-0.554335	262.365020	219.383318	0.003826	8.3
1459	-0.565868	261.420130	220.117306	0.004524	8.5
1460	-0.547320	260.475240	220.856222	0.003952	8.3
1461	-0.543612	259.530350	221.600116	0.004130	8.7
1462	-0.568834	258.585460	222.349038	0.003936	8.1
1463	-0.574607	259.585460	221.556592	0.005765	8.7
1464	-0.578151	260.585455	220.769778	0.003820	9.9
1465	-0.583935	259.640567	221.513087	0.004187	9.9
1466	-0.557935	260.640567	220.726577	0.004400	8.7
1467	-0.550681	259.695677	221.469596	0.004661	8.4
1468	-0.573575	258.876287	222.117989	0.004495	7.9
1469	-0.568643	257.931397	222.870422	0.004209	7.9
1470	-0.556685	256.986507	223.627970	0.005203	8.1
1471	-0.549742	257.986507	222.826397	0.004642	8.5
1472	-0.570377	257.041617	223.583645	0.004817	8.4
1473	-0.559985	258.041617	222.782389	0.003940	8.3
1474	-0.574670	259.018463	222.005212	0.004696	7.9
1475	-0.566845	259.331806	221.757064	0.004538	8.1
1476	-0.583750	258.386917	222.507049	0.004725	8.1
1477	-0.577642	257.442027	223.262124	0.004296	8.3
1478	-0.567430	256.497616	224.021954	0.004466	8.2
1479	-0.536373	257.457854	223.249434	0.003842	8.0
1480	-0.562651	258.457854	222.450567	0.004376	8.0
1481	-0.553004	257.512964	223.205259	0.003800	8.1
1482	-0.577199	258.512779	222.406855	0.004013	7.9
1483	-0.552598	257.567993	223.161166	0.004279	8.4
1484	-0.566596	256.624534	223.919541	0.004679	9.2
1485	-0.548044	255.700779	224.667088	0.004565	8.7
1486	-0.574253	254.755889	225.436919	0.004430	8.7
1487	-0.564922	255.755889	224.622350	0.004961	8.4
1488	-0.559005	256.755889	223.813646	0.004392	8.2
1489	-0.575404	257.755889	223.010744	0.005068	8.2
1490	-0.562514	256.811000	223.769247	0.004024	8.3
1491	-0.570038	257.810962	222.966693	0.003886	8.1
1492	-0.554086	258.807284	222.172766	0.004520	8.3
1493	-0.557343	259.807284	221.381573	0.005045	8.1
1494	-0.570166	260.807283	220.595996	0.004396	7.8
1495	-0.584625	261.807283	219.815974	0.004427	8.3
1496	-0.571782	262.807283	219.041448	0.004160	8.0
1497	-0.539036	263.807283	218.272362	0.003823	8.1
1498	-0.593724	264.805680	217.509877	0.005597	8.1
1499	-0.557970	265.805680	216.751489	0.004374	8.0
1500	-0.552314	264.860837	217.467908	0.004394	8.0
1501	-0.599623	265.860837	216.709812	0.005750	8.2
1502	-0.567166	266.860837	215.956984	0.004270	8.3
1503	-0.569504	265.915948	216.668187	0.004355	8.0
1504	-0.587745	266.915948	215.915647	0.004523	8.2
1505	-0.546984	267.915948	215.168317	0.004103	8.1
1506	-0.554818	266.971058	215.874327	0.004598	8.3
1507	-0.580993	266.026168	216.584985	0.004529	8.1
1508	-0.601043	267.026168	215.833022	0.004519	7.9
1509	-0.574926	268.026168	215.086263	0.004169	8.2
1510	-0.574842	267.355512	215.586509	0.004064	8.1
1511	-0.585186	268.355512	214.841451	0.004298	8.2
1512	-0.572530	267.410622	215.545314	0.005054	8.0
1513	-0.575621	268.410622	214.800541	0.005045	8.3
1514	-0.545259	269.410622	214.060897	0.004038	8.2
1515	-0.553277	268.501277	214.733278	0.004520	8.1
1516	-0.551253	269.500601	213.994594	0.003947	8.0
1517	-0.576387	270.436579	213.307329	0.005095	8.7
1518	-0.577273	271.436579	212.577915	0.005329	9.3
1519	-0.576664	272.436579	211.853472	0.004462	9.1
1520	-0.583418	271.491689	212.537862	0.004240	8.3
1521	-0.579766	272.491403	211.813898	0.004998	8.2
1522	-0.575163	271.546513	212.498032	0.004112	8.0
1523	-0.573044	272.546513	211.774133	0.004420	8.4
1524	-0.579772	273.546513	211.055149	0.004379	8.1
1525	-0.570195	274.546513	210.341031	0.003508	8.4
1526	-0.610890	273.601623	211.015668	0.004761	7.8
1527	-0.583365	272.656733	211.694646	0.005054	8.0
1528	-0.564536	273.656733	210.976201	0.004007	8.1
1529	-0.565126	274.656733	210.262616	0.004654	8.0
1530	-0.564399	273.711843	210.936749	0.003907	8.1
1531	-0.538818	272.766954	211.615219	0.004804	8.4
1532	-0.538532	271.822064	212.298068	0.004563	8.3
1533	-0.556002	272.822064	211.575528	0.004866	8.2
1534	-0.577487	273.822064	210.857890	0.004706	8.1
1535	-0.559101	272.877174	211.535852	0.004638	8.1
1536	-0.564408	271.932284	212.218187	0.004249	8.2
1537	-0.564559	272.932284	211.496190	0.004301	8.3
1538	-0.553020	273.926560	210.783180	0.004677	8.3
1539	-0.592412	272.981670	211.460661	0.004889	8.0
1540	-0.545606	272.036780	212.142511	0.003969	8.5
1541	-0.595666	273.002476	211.445696	0.004862	8.2
1542	-0.573434	274.002476	210.728937	0.004568	8.2
1543	-0.580233	273.057586	211.406068	0.003698	8.5
1544	-0.556184	272.114752	212.086078	0.004975	7.6
1545	-0.574996	271.169862	212.771974	0.004347	7.5
1546	-0.554453	272.169862	212.046210	0.004705	7.7
1547	-0.569588	271.224972	212.731847	0.004865	8.0
1548	-0.598236	270.280082	213.421933	0.004833	8.0
1549	-0.572519	269.335194	214.116510	0.004424	8.5
1550	-0.583662	270.335194	213.381561	0.004215	8.1
1551	-0.557514	271.335194	212.651640	0.004637	8.2
1552	-0.579727	272.335194	211.926695	0.004124	8.2
1553	-0.568205	273.335194	211.206677	0.004111	8.2
1554	-0.563353	274.335194	210.491535	0.004704	8.0
1555	-0.555531	273.390304	211.167139	0.003950	8.3
1556	-0.566569	274.390304	210.452264	0.005529	8.2
1557	-0.574706	273.445414	211.127616	0.005257	8.1
1558	-0.577985	274.445414	210.413008	0.004229	8.2
1559	-0.570552	273.500524	211.088108	0.005222	8.1
1560	-0.558046	272.555634	211.767553	0.004276	8.0
1561	-0.562962	273.555329	211.048832	0.005213	8.5
1562	-0.575177	272.610439	211.728024	0.004117	8.1
1563	-0.584010	271.665549	212.411602	0.005432	8.1
1564	-0.577167	272.665549	211.688291	0.004940	8.0
1565	-0.591160	271.720659	212.371612	0.004202	8.0
1566	-0.585922	270.775769	213.059358	0.004578	8.1
1567	-0.562559	269.830882	213.751572	0.004224	8.4
1568	-0.554776	270.830882	213.019122	0.004501	8.2
1569	-0.567930	271.830882	212.291674	0.004082	8.3
1570	-0.583729	272.830867	211.569189	0.004159	8.1
1571	-0.559671	273.830867	210.851594	0.004525	8.1
1572	-0.587184	274.830867	210.138850	0.005047	8.1
1573	-0.583146	275.830867	209.430909	0.004567	8.5
1574	-0.571174	274.885977	210.099711	0.004377	8.0
1575	-0.572598	273.941087	210.772798	0.005079	8.1
1576	-0.562881	272.996197	211.450212	0.003682	8.2
1577	-0.566234	273.571237	211.037435	0.004887	8.2
1578	-0.542763	274.571237	210.323436	0.003881	8.1
1579	-0.560488	273.626347	210.997960	0.003581	8.3
1580	-0.560231	272.681457	211.676825	0.004450	8.0
1581	-0.580074	273.681457	210.958500	0.005023	8.2
1582	-0.577942	272.736567	211.637110	0.004311	9.1
1583	-0.562453	271.791677	212.320100	0.004365	8.1
1584	-0.562452	270.846787	213.007513	0.004697	8.2
1585	-0.563366	271.846787	212.280144	0.004778	8.2
1586	-0.573335	272.846785	211.557728	0.004668	8.1
1587	-0.570392	273.846785	210.840211	0.005020	8.2
1588	-0.538500	273.960042	210.759253	0.005319	8.3
1589	-0.575861	273.015152	211.436580	0.004398	8.2
1590	-0.553725	272.070262	212.118274	0.003848	8.3
1591	-0.562818	273.070262	211.396956	0.004651	8.9
1592	-0.566323	272.125372	212.078394	0.004270	9.0
1593	-0.576618	273.125372	211.357346	0.004688	8.9
1594	-0.565701	272.180961	212.038183	0.004650	8.2
1595	-0.575231	271.236071	212.723768	0.004861	8.2
1596	-0.594862	272.236071	211.998333	0.004772	8.3
1597	-0.570659	273.235683	211.278108	0.004130	7.9
1598	-0.563399	272.354602	211.912674	0.004482	7.9
1599	-0.569220	271.421557	212.588836	0.004581	8.0
1600	-0.566620	270.476667	213.277992	0.003862	8.1
1601	-0.587951	271.476664	212.548780	0.005284	8.1
1602	-0.575440	270.700690	213.114197	0.004804	8.1
1603	-0.570824	271.700689	212.386101	0.004487	8.3
1604	-0.560834	270.755799	213.073942	0.004000	8.2
1605	-0.545252	270.032390	213.603573	0.004231	8.2
1606	-0.556665	269.561494	213.949747	0.004191	8.0
1607	-0.580088	270.559767	213.217204	0.003835	8.1
1608	-0.562595	271.559767	212.488405	0.004843	8.1
1609	-0.566250	272.559767	211.764571	0.004074	8.2
1610	-0.586641	273.559761	211.045657	0.004558	8.1
1611	-0.556343	274.559761	210.331603	0.003999	8.0
1612	-0.574520	273.614871	211.006179	0.004707	8.1
1613	-0.569800	274.614871	210.292392	0.004284	8.1
1614	-0.580127	273.669981	210.966716	0.005289	8.2
1615	-0.574497	274.669979	210.253196	0.005161	8.2
1616	-0.580548	273.725089	210.927269	0.004803	8.1
1617	-0.581857	274.718033	210.219030	0.005593	8.1
1618	-0.553085	273.773143	210.892884	0.004332	8.2
1619	-0.566316	274.772097	210.180605	0.004361	8.0
1620	-0.572625	275.772097	209.472383	0.004651	8.1
1621	-0.568976	274.827207	210.141450	0.005489	8.1
1622	-0.610796	275.827207	209.433491	0.004376	8.2
1623	-0.583097	274.882317	210.102310	0.003636	8.2
1624	-0.574161	273.943584	210.771014	0.004331	8.1
1625	-0.572955	274.312067	210.508019	0.004319	8.1
1626	-0.554374	275.312067	209.797592	0.003769	8.1
1627	-0.559192	274.367225	210.468708	0.004894	8.3
1628	-0.583945	275.367225	209.758546	0.004193	8.5
1629	-0.573170	276.367225	209.053160	0.003872	8.2
1630	-0.553349	277.303966	208.396687	0.004459	8.0
1631	-0.563890	276.360090	209.058177	0.004314	8.0
1632	-0.566759	277.360089	208.357486	0.004512	8.1
1633	-0.584137	278.360014	207.661529	0.004214	8.4
1634	-0.567256	278.544927	207.533337	0.004003	8.2
1635	-0.556727	277.600037	208.190055	0.004886	8.0
1636	-0.580575	276.655147	208.850943	0.004628	8.2
1637	-0.565181	277.655147	208.151639	0.005046	8.1
1638	-0.558232	278.655147	207.457001	0.004539	8.0
1639	-0.552903	277.710257	208.113236	0.005022	8.4
1640	-0.586034	278.710257	207.418855	0.004316	8.3
1641	-0.596846	277.765367	208.074848	0.004946	8.1
1642	-0.580364	276.820477	208.735003	0.004502	8.0
1643	-0.580756	275.907856	209.376603	0.003751	8.2
1644	-0.595116	276.907856	208.673779	0.004766	8.1
1645	-0.564680	277.903147	207.978935	0.004599	8.5
1646	-0.586102	278.903147	207.285448	0.004569	7.9
1647	-0.555889	279.903147	206.596571	0.004052	8.2
1648	-0.569258	280.903147	205.912257	0.004101	8.0
1649	-0.597410	281.903147	205.232461	0.005081	7.9
1650	-0.580423	282.903147	204.557139	0.004178	8.0
1651	-0.583045	283.012837	204.483333	0.004213	8.2
1652	-0.569660	284.007943	203.816194	0.004129	8.0
1653	-0.581910	285.007943	203.150146	0.004648	8.1
1654	-0.574834	286.007943	202.488436	0.003606	8.0
1655	-0.578946	285.064434	203.112650	0.004993	8.0
1656	-0.587296	286.062415	202.452515	0.004592	8.0
1657	-0.528082	285.117525	203.077423	0.004763	8.6
1658	-0.568158	284.172635	203.706201	0.003826	8.1
1659	-0.574163	283.227745	204.338885	0.003779	8.1
1660	-0.583547	284.227745	203.669421	0.004166	8.2
1661	-0.584779	285.227745	203.004330	0.004650	8.0
1662	-0.572603	286.226500	202.344389	0.004383	8.0
1663	-0.554062	287.226500	201.687909	0.004902	8.7
1664	-0.571415	288.226500	201.035675	0.004473	8.3
1665	-0.571287	287.955604	201.211946	0.004443	8.4
1666	-0.561233	288.955599	200.562785	0.003861	8.1
1667	-0.564884	288.010709	201.176064	0.005125	8.5
1668	-0.572002	288.495764	200.860772	0.004025	8.2
1669	-0.577640	287.550874	201.475878	0.004176	8.7
1670	-0.572823	286.605984	202.094762	0.004607	8.1
1671	-0.569451	287.605984	201.439899	0.004178	8.4
1672	-0.570800	288.605984	200.789266	0.004098	8.0
1673	-0.570215	287.661094	201.403933	0.005110	8.3
1674	-0.563879	288.661094	200.753531	0.004293	8.5
1675	-0.577919	289.661094	200.107317	0.004046	8.4
1676	-0.589943	288.795425	200.666482	0.004527	8.1
1677	-0.553587	289.795425	200.020828	0.005090	8.2
1678	-0.559193	290.795425	199.379315	0.004502	7.8
1679	-0.561733	291.795425	198.741903	0.004659	7.7
1680	-0.594608	290.850535	199.344080	0.004222	8.0
1681	-0.570355	291.850535	198.706894	0.003947	8.1
1682	-0.525607	290.905645	199.308859	0.004426	8.2
1683	-0.574571	291.905645	198.671897	0.004172	8.2
1684	-0.564481	290.960756	199.273649	0.005005	8.1
1685	-0.573649	291.960756	198.636913	0.004847	8.7
1686	-0.572576	291.015866	199.238453	0.005036	8.2
1687	-0.543985	292.015866	198.601940	0.004902	8.6
1688	-0.550362	291.070976	199.203268	0.004005	7.9
1689	-0.580213	292.070944	198.567000	0.005575	8.0
1690	-0.561034	291.126054	199.168116	0.005732	8.1
1691	-0.557638	290.181164	199.772883	0.003972	7.9
1692	-0.556943	291.181164	199.132957	0.004744	8.4
1693	-0.579100	292.132452	198.527996	0.004524	8.5
1694	-0.580096	291.187562	199.128876	0.004340	8.2
1695	-0.577166	292.187562	198.493062	0.004685	8.0
1696	-0.556502	293.187562	197.861296	0.003943	8.0
1697	-0.576634	292.242672	198.458141	0.004399	8.1
1698	-0.568061	293.235375	197.831190	0.004562	8.2
1699	-0.565293	292.290485	198.427853	0.004990	8.5
1700	-0.557360	293.290485	197.796501	0.004281	8.1
1701	-0.576803	292.345595	198.392954	0.005141	8.0
1702	-0.584560	293.313091	197.782275	0.004097	8.1
1703	-0.562438	292.368201	198.378642	0.003903	8.1
1704	-0.586878	291.423482	198.978508	0.004407	8.0
1705	-0.562760	292.423482	198.343653	0.004859	8.5
1706	-0.578489	291.478592	198.943415	0.004700	8.2
1707	-0.546822	290.533702	199.546816	0.005095	8.2
1708	-0.559885	289.588812	200.153888	0.004453	8.1
1709	-0.570317	288.643922	200.764665	0.004981	8.0
1710	-0.560620	289.561363	200.171578	0.004485	8.3
1711	-0.549176	290.561363	199.529100	0.004543	9.0
1712	-0.579890	289.616473	200.136064	0.004669	8.5
1713	-0.586775	290.616473	199.493812	0.004174	8.5
1714	-0.573651	291.616473	198.855670	0.004858	8.1
1715	-0.573213	292.595696	198.234731	0.004316	7.9
1716	-0.559834	293.595696	197.604605	0.004541	8.1
1717	-0.565321	292.650806	198.199900	0.003353	11.8
1718	-0.565220	293.650806	197.569995	0.004642	7.9
1719	-0.576201	294.650806	196.944082	0.004363	8.0
1720	-0.580217	293.737551	197.515543	0.004603	7.8
1721	-0.568946	294.737034	196.890296	0.003763	7.8
1722	-0.561402	293.792144	197.481288	0.004407	8.3
1723	-0.563138	294.792144	196.855936	0.004385	8.8
1724	-0.568685	295.792144	196.234532	0.003978	9.0
1725	-0.572133	296.792144	195.617039	0.004557	8.8
1726	-0.556004	297.790281	195.004559	0.004740	8.2
1727	-0.605843	296.845392	195.584268	0.004747	8.3
1728	-0.565187	295.900502	196.167434	0.004996	8.4
1729	-0.567737	296.900502	195.550362	0.004239	8.2
1730	-0.573083	295.955613	196.133325	0.004606	8.9
1731	-0.569568	296.955613	195.516467	0.004582	9.6
1732	-0.562041	297.955613	194.903478	0.004602	9.2
1733	-0.549283	298.955613	194.294320	0.004746	8.6
1734	-0.562502	299.954995	193.689331	0.004559	8.6
1735	-0.564835	300.954995	193.087727	0.004101	8.2
1736	-0.557961	301.954995	192.489849	0.003893	8.7
1737	-0.559721	301.010105	193.054682	0.004247	8.1
1738	-0.574506	300.065215	193.622839	0.004312	8.2
1739	-0.555725	301.065157	193.021682	0.004982	8.2
1740	-0.562857	302.065153	192.424214	0.004260	8.4
1741	-0.549359	301.120349	192.988609	0.004552	8.0
1742	-0.551766	301.133505	192.980728	0.004409	8.2
1743	-0.580234	300.188615	193.548449	0.005600	8.3
1744	-0.571190	299.243725	194.119520	0.004449	8.2
1745	-0.552473	298.298835	194.693972	0.004252	8.0
1746	-0.577454	297.353945	195.271833	0.004331	8.5
1747	-0.585246	298.353945	194.660374	0.003934	7.9
1748	-0.560309	297.409055	195.238035	0.004614	8.0
1749	-0.572941	296.587035	195.743376	0.003955	8.1
1750	-0.578534	295.645391	196.325480	0.004657	8.8
1751	-0.551776	294.700501	196.913081	0.004366	8.2
1752	-0.595342	293.755611	197.504210	0.004848	8.6
1753	-0.563385	293.189732	197.859929	0.004351	8.1
1754	-0.570243	294.189732	197.232181	0.004845	9.1
1755	-0.567935	293.244854	197.825223	0.004573	8.7
1756	-0.613898	294.244854	197.197694	0.003911	8.7
1757	-0.591258	293.541211	197.638834	0.004744	8.0
1758	-0.562515	292.596322	198.234335	0.004199	8.5
1759	-0.577638	293.596321	197.604212	0.005295	8.3
1760	-0.581589	294.596321	196.978083	0.004756	7.9
1761	-0.543102	293.651431	197.569603	0.004108	8.2
1762	-0.552805	293.630429	197.582791	0.004835	8.1
1763	-0.567250	294.630181	196.956952	0.005330	9.3
1764	-0.573265	295.630181	196.334911	0.004247	8.6
1765	-0.601132	296.149410	196.013476	0.004825	8.1
1766	-0.584669	295.204658	196.599122	0.004708	8.2
1767	-0.576421	296.204658	195.979336	0.004143	8.2
1768	-0.572404	297.204658	195.363445	0.004192	8.0
1769	-0.570809	296.260097	195.945090	0.004746	8.2
1770	-0.586375	295.315241	196.530392	0.005030	8.6
1771	-0.571289	296.315241	195.911038	0.004514	8.0
1772	-0.583443	295.370351	196.496157	0.004352	8.0
1773	-0.557637	294.425461	197.084782	0.003985	8.1
1774	-0.564346	293.480571	197.676944	0.003962	8.0
1775	-0.571665	294.449334	197.069867	0.004659	8.0
1776	-0.569919	293.504444	197.661939	0.004470	8.4
1777	-0.564596	292.559556	198.257578	0.005019	8.1
1778	-0.561989	291.614666	198.856819	0.004274	8.0
1779	-0.564754	292.614666	198.222739	0.004768	8.1
1780	-0.591356	291.669776	198.821770	0.004360	7.9
1781	-0.546580	290.724887	199.424431	0.004178	8.2
1782	-0.578718	291.724201	198.787168	0.003949	8.4
1783	-0.568517	291.019888	199.235884	0.004719	8.2
1784	-0.569191	290.074998	199.841063	0.004979	8.0
1785	-0.582069	291.074998	199.200700	0.005124	8.0
1786	-0.572296	292.074998	198.564429	0.004631	7.9
1787	-0.593582	293.074998	197.932209	0.004294	8.2
1788	-0.570122	292.130108	198.529482	0.004069	8.2
1789	-0.573790	293.130108	197.897485	0.004620	8.1
1790	-0.529170	292.185218	198.494548	0.003985	8.1
1791	-0.557365	291.240328	199.095224	0.004243	8.3
1792	-0.552135	290.295438	199.699548	0.004048	7.9
1793	-0.570093	289.350549	200.307550	0.004464	8.0
1794	-0.579116	288.405659	200.919267	0.004600	8.4
1795	-0.581299	289.405659	200.271987	0.004581	8.0
1796	-0.578280	288.460769	200.883486	0.004539	8.3
1797	-0.563838	287.517420	201.497725	0.005167	8.3
1798	-0.582768	286.651204	202.065057	0.004160	8.1
1799	-0.552643	287.651204	201.410386	0.004596	8.0
1800	-0.577822	287.014435	201.826769	0.003946	8.5
1801	-0.560593	287.961188	201.208309	0.003924	8.4
1802	-0.568883	287.016298	201.825549	0.003798	8.3
1803	-0.559128	286.071408	202.446586	0.004274	8.2
1804	-0.570197	285.126518	203.071458	0.004265	8.6
1805	-0.563539	286.110912	202.420545	0.003595	8.5
1806	-0.556565	287.110912	201.763572	0.003465	8.3
1807	-0.554205	287.932795	201.226802	0.004432	8.1
1808	-0.569026	288.932795	200.577542	0.004276	8.1
1809	-0.583758	287.987905	201.190912	0.004060	8.0
1810	-0.568479	288.987901	200.541886	0.004371	8.2
1811	-0.559522	288.187136	201.061270	0.003303	8.3
1812	-0.557909	287.242278	201.677585	0.004698	8.2
1813	-0.583279	288.242278	201.025418	0.004232	8.1
1814	-0.579355	288.328618	200.969308	0.004188	8.2
1815	-0.569097	289.328618	200.321706	0.004244	8.1
1816	-0.558856	288.383728	200.933510	0.004562	8.3
1817	-0.584361	289.383728	200.286138	0.004274	8.4
1818	-0.597039	290.383726	199.642927	0.004299	8.9
1819	-0.540166	291.383726	199.003831	0.004301	8.2
1820	-0.577467	290.438836	199.607599	0.004926	8.0
1821	-0.579017	291.438836	198.968730	0.005548	8.0
1822	-0.573212	292.308699	198.416317	0.004193	7.9
1823	-0.569333	293.308699	197.785039	0.004193	8.3
1824	-0.591034	292.363809	198.381422	0.004409	8.4
1825	-0.576365	291.418919	198.981414	0.004294	7.9
1826	-0.593812	292.418919	198.346540	0.004788	8.4
1827	-0.589167	293.418919	197.715705	0.004329	8.0
1828	-0.570203	294.418919	197.088869	0.004035	8.0
1829	-0.587219	295.418919	196.465996	0.004700	8.1
1830	-0.576357	296.418919	195.847048	0.004039	8.6
1831	-0.580306	295.474032	196.431783	0.004965	8.0
1832	-0.561235	296.301607	195.919456	0.004389	8.2
1833	-0.579103	295.356717	196.504626	0.004655	8.0
1834	-0.586843	294.411864	197.093278	0.004522	8.2
1835	-0.545357	295.411864	196.470377	0.004021	8.2
1836	-0.556142	296.411863	195.851401	0.003722	8.7
1837	-0.575438	295.479329	196.428495	0.004152	8.1
1838	-0.573055	296.479329	195.809782	0.004505	8.1
1839	-0.564316	297.479121	195.195082	0.004455	8.1
1840	-0.557297	298.479121	194.584103	0.004109	8.0
1841	-0.547879	297.534231	195.161311	0.004192	8.1
1842	-0.584592	298.533837	194.550783	0.004439	8.2
1843	-0.580934	299.533837	193.943824	0.005236	7.9
1844	-0.566797	300.533837	193.340641	0.003642	8.1
1845	-0.552936	299.588947	193.910485	0.003805	8.1
1846	-0.592752	300.588947	193.307509	0.005300	8.2
1847	-0.542447	301.588947	192.708271	0.004063	8.0
1848	-0.572051	300.644057	193.274388	0.004648	8.3
1849	-0.541312	299.699167	193.843840	0.004950	8.1
1850	-0.552446	300.699167	193.241278	0.004276	8.3
1851	-0.571610	301.699167	192.642450	0.005018	8.1
1852	-0.570001	302.699167	192.047322	0.004149	8.0
1853	-0.571244	303.699167	191.455860	0.005374	8.2
1854	-0.576813	302.754278	192.014631	0.004507	8.5
1855	-0.569351	303.754278	191.423370	0.004228	8.3
1856	-0.562248	304.754179	190.835797	0.004557	8.4
1857	-0.553294	305.753620	190.252087	0.005462	8.1
1858	-0.574955	304.829869	190.791465	0.004457	7.9
1859	-0.576390	305.823979	190.211130	0.005002	7.9
1860	-0.576331	306.823637	189.631104	0.005761	8.5
1861	-0.580530	307.823637	189.054409	0.005019	8.1
1862	-0.574738	306.878747	189.599231	0.005279	9.1
1863	-0.563655	307.878747	189.022729	0.004509	8.5
1864	-0.577173	308.878747	188.449722	0.004594	8.3
1865	-0.575664	307.933857	188.991060	0.004143	8.7
1866	-0.595760	308.933857	188.418245	0.004470	8.6
1867	-0.557172	307.990261	188.958658	0.004288	8.6
1868	-0.569441	308.990231	188.386056	0.003937	9.0
1869	-0.573530	309.990229	187.816898	0.004135	9.2
1870	-0.573110	310.990229	187.251168	0.004184	8.3
1871	-0.590390	311.990229	186.688836	0.004243	8.6
1872	-0.567561	311.045339	187.220090	0.004211	9.4
1873	-0.573303	311.960787	186.705344	0.004936	8.2
1874	-0.553662	311.015897	187.236692	0.004372	9.0
1875	-0.565077	312.015897	186.674447	0.004931	8.0
1876	-0.573707	313.000478	186.124160	0.004052	8.7
1877	-0.573791	314.000478	185.568566	0.004266	9.1
1878	-0.575321	313.055588	186.093454	0.004110	8.1
1879	-0.591717	314.055588	185.538044	0.003710	8.1
1880	-0.590040	313.110698	186.062759	0.004760	8.0
1881	-0.564767	313.443345	185.877695	0.003947	8.2
1882	-0.563740	314.443345	185.323570	0.004465	8.1
1883	-0.555561	314.370240	185.363967	0.004141	8.5
1884	-0.591984	313.426765	185.886911	0.005133	8.0
1885	-0.569141	312.481875	186.413604	0.004092	8.2
1886	-0.569092	313.481183	185.856668	0.004096	8.2
1887	-0.581896	312.536293	186.383190	0.003767	8.3
1888	-0.573969	311.591403	186.912703	0.004633	8.1
1889	-0.560722	310.646513	187.445234	0.004608	8.8
1890	-0.567919	311.319042	187.065893	0.004325	8.3
1891	-0.562946	310.374152	187.599298	0.004622	8.0
1892	-0.556695	311.374152	187.034876	0.004152	8.2
1893	-0.562363	310.429262	187.568104	0.003945	8.3
1894	-0.559186	309.484372	188.104381	0.004328	8.3
1895	-0.567858	310.484372	187.536920	0.004156	8.7
1896	-0.552375	311.484372	186.972873	0.004554	8.8
1897	-0.581902	312.484372	186.412208	0.004929	7.8
1898	-0.567377	313.484372	185.854896	0.004406	8.2
1899	-0.578356	314.484372	185.300907	0.004135	8.1
1900	-0.570586	314.311070	185.396677	0.003974	8.7
1901	-0.561096	315.310354	184.845805	0.004580	8.4
1902	-0.568082	316.310354	184.297806	0.004567	8.4
1903	-0.567027	317.310354	183.753047	0.004451	8.2
1904	-0.570002	316.365464	184.267700	0.004428	8.2
1905	-0.571294	317.365464	183.723118	0.004581	8.1
1906	-0.546104	318.365464	183.181746	0.004507	8.3
1907	-0.561388	317.420576	183.693199	0.004314	8.6
1908	-0.562951	316.482963	184.203545	0.004504	8.2
1909	-0.585690	315.538073	184.720729	0.004160	8.0
1910	-0.576404	314.593183	185.240825	0.004328	8.9
1911	-0.540661	315.593183	184.690485	0.003317	9.5
1912	-0.568980	315.557944	184.709823	0.004343	8.3
1913	-0.567023	316.492989	184.198073	0.004167	8.5
1914	-0.548275	315.548099	184.715226	0.004705	8.0
1915	-0.548457	316.547520	184.168316	0.003714	8.3
1916	-0.586275	315.602630	184.685302	0.004489	7.9
1917	-0.583787	316.602630	184.138252	0.004598	8.0
1918	-0.575025	315.657740	184.655069	0.004675	8.1
1919	-0.573734	316.657740	184.108199	0.004249	7.6
1920	-0.550375	315.712850	184.624846	0.003698	7.5
1921	-0.573570	316.126222	184.398466	0.004818	7.7
1922	-0.588543	317.126222	183.853112	0.004209	7.9
1923	-0.583340	318.126222	183.310975	0.004363	8.0
1924	-0.574786	317.181332	183.823152	0.004693	8.3
1925	-0.572442	316.236890	184.337954	0.004448	8.5
1926	-0.556727	317.236890	183.792957	0.004213	8.2
1927	-0.554289	318.236890	183.251174	0.005005	8.0
1928	-0.559518	317.292000	183.763016	0.005035	9.0
1929	-0.562136	318.292000	183.221409	0.004175	8.4
1930	-0.576546	317.567743	183.613352	0.004047	8.4
1931	-0.577287	316.625504	184.125777	0.004529	8.6
1932	-0.566254	315.964102	184.487184	0.004233	8.0
1933	-0.588315	315.019212	185.005964	0.004546	8.0
1934	-0.552786	314.074322	185.527670	0.004373	7.9
1935	-0.543564	313.129432	186.052327	0.004683	8.3
1936	-0.590464	312.184543	186.579958	0.004565	8.6
1937	-0.554091	311.239653	187.110592	0.004298	8.8
1938	-0.580755	312.239650	186.549105	0.004190	8.0
1939	-0.560351	313.239650	185.990975	0.005275	8.1
1940	-0.579614	314.239650	185.436175	0.004575	7.9
1941	-0.580201	315.239650	184.884675	0.005020	8.1
1942	-0.582218	314.294760	185.405696	0.003945	7.9
1943	-0.558549	313.349870	185.929662	0.004496	8.5
1944	-0.560183	314.349870	185.375227	0.004760	8.3
1945	-0.604338	313.404980	185.899021	0.004359	8.0
1946	-0.558768	312.460090	186.425783	0.004570	9.9
1947	-0.580826	313.460090	185.868389	0.004811	8.0
1948	-0.563360	312.515200	186.394978	0.004465	8.6
1949	-0.590056	313.515200	185.837768	0.004622	8.3
1950	-0.573147	312.570591	186.364026	0.004189	8.5
1951	-0.581205	311.625701	186.893430	0.004183	8.2
1952	-0.570789	312.625701	186.333241	0.004315	8.2
1953	-0.564746	313.625701	185.776401	0.005297	8.1
1954	-0.575520	312.680812	186.302466	0.004376	8.2
1955	-0.543882	311.735922	186.831520	0.004398	8.5
1956	-0.551802	310.791032	187.363588	0.004724	8.1
1957	-0.587232	309.846143	187.898694	0.003911	8.2
1958	-0.578428	308.901253	188.436866	0.004668	8.0
1959	-0.580930	309.559571	188.061589	0.004148	8.1
1960	-0.553324	310.559571	187.494386	0.004893	8.1
1961	-0.550897	311.559571	186.930594	0.004033	8.4
1962	-0.573767	310.614682	187.463227	0.004602	8.1
1963	-0.569915	311.614682	186.899622	0.004489	8.1
1964	-0.564295	312.614682	186.339396	0.004394	8.2
1965	-0.572920	311.669792	186.868660	0.004088	8.2
1966	-0.569214	310.724902	187.400940	0.003574	10.0
1967	-0.577502	311.724855	186.837735	0.004148	8.9
1968	-0.584857	310.779965	187.369838	0.004351	8.1
1969	-0.569900	311.714145	186.843749	0.004430	8.1
1970	-0.563614	312.714140	186.283860	0.004940	8.2
1971	-0.561124	313.714140	185.727314	0.004169	8.2
1972	-0.560057	314.714140	185.174084	0.004173	8.1
1973	-0.570457	315.608288	184.682197	0.004516	8.2
1974	-0.548166	314.663398	185.202076	0.004298	8.1
1975	-0.551323	315.663398	184.651966	0.003765	8.0
1976	-0.579921	314.718509	185.171674	0.004808	8.1
1977	-0.577148	313.773619	185.694316	0.004644	8.2
1978	-0.577215	314.773599	185.141293	0.004404	8.2
1979	-0.564155	314.170930	185.474194	0.004741	8.6
1980	-0.546233	313.226040	185.998548	0.004622	8.1
1981	-0.581757	312.281150	186.525875	0.004000	8.1
1982	-0.567715	311.336260	187.056201	0.004411	8.0
1983	-0.573232	310.391370	187.589551	0.004101	8.2
1984	-0.560734	311.391370	187.025187	0.004380	8.3
1985	-0.560907	312.391370	186.464210	0.003847	8.5
1986	-0.583960	313.391368	185.906588	0.004733	8.3
1987	-0.581619	314.391368	185.352291	0.004698	8.4
1988	-0.564944	315.391368	184.801289	0.005165	8.1
1989	-0.578829	316.391368	184.253553	0.004548	8.7
1990	-0.561481	317.391368	183.709055	0.004582	8.5
1991	-0.540452	318.391368	183.167765	0.003962	8.6
1992	-0.575071	319.391368	182.629656	0.004327	8.1
1993	-0.562871	320.391368	182.094699	0.004854	8.1
1994	-0.571786	321.391368	181.562867	0.004100	8.1
1995	-0.558387	322.391368	181.034132	0.004769	8.1
1996	-0.578941	321.446478	181.533647	0.004202	8.1
1997	-0.585791	322.446478	181.005083	0.004700	8.5
1998	-0.564282	323.439857	180.483057	0.005239	8.2
1999	-0.576115	322.494967	180.979532	0.003730	7.8
