1:ItNr	2:Metric	3a:Time	3b:StepSize	4:||Gradient||	Time[ms]
0	-0.660070	0.000000	3773.383230	0.002954	1650.0
1	-0.628064	0.000000	3773.383230	0.002398	5.1
2	-0.659314	0.999949	3601.874107	0.002359	5.1
3	-0.656395	1.999948	3445.270730	0.002305	5.2
4	-0.660626	2.999948	3301.717472	0.002422	5.1
5	-0.664738	3.999948	3169.648499	0.002347	5.1
6	-0.686025	4.999948	3047.738697	0.002196	5.1
7	-0.683900	5.999948	2934.859269	0.002285	5.1
8	-0.665991	5.316314	3011.099819	0.002121	5.4
9	-0.652421	6.316314	2900.868994	0.002582	5.2
10	-0.670922	5.555175	2984.015301	0.002367	5.5
11	-0.655686	6.555175	2875.722927	0.002235	5.2
12	-0.676639	7.545501	2775.955771	0.002286	5.0
13	-0.673116	8.545501	2682.000492	0.001993	5.0
14	-0.679328	7.784440	2752.912606	0.002195	5.4
15	-0.661225	7.023301	2827.684251	0.002404	5.0
16	-0.667542	6.280789	2904.646435	0.002902	5.4
17	-0.662654	5.519650	2988.012537	0.002383	5.5
18	-0.671334	6.519650	2879.435121	0.002271	5.2
19	-0.637537	7.357466	2794.362764	0.002606	5.5
20	-0.656577	6.596327	2871.434566	0.002066	5.6
21	-0.662190	7.596327	2771.021861	0.002400	5.1
22	-0.663831	8.596327	2677.394640	0.002667	5.3
23	-0.660856	9.596327	2589.887580	0.002278	5.3
24	-0.668007	10.596327	2507.919586	0.002759	5.3
25	-0.676588	11.596327	2430.980869	0.002289	5.0
26	-0.692181	12.596327	2358.622338	0.002510	4.9
27	-0.681654	11.835216	2413.294518	0.002829	5.0
28	-0.643355	12.835216	2341.969586	0.001967	5.7
29	-0.649842	13.835216	2274.739644	0.002128	5.5
30	-0.660265	14.835216	2211.261881	0.001908	8.7
31	-0.647446	14.074077	2259.248255	0.002023	6.5
32	-0.649091	13.312938	2309.363524	0.002715	5.9
33	-0.672705	14.312938	2243.966431	0.002000	6.1
34	-0.642071	15.282118	2184.024861	0.002173	5.4
35	-0.661560	16.282118	2125.443831	0.002164	5.7
36	-0.678478	15.520981	2169.740411	0.002408	5.3
37	-0.674084	14.820814	2212.150928	0.001877	5.2
38	-0.672399	15.819917	2152.124586	0.002232	5.2
39	-0.684239	16.819704	2095.231842	0.002256	5.3
40	-0.672628	17.819704	2041.258431	0.002233	5.7
41	-0.666550	18.819704	1989.995909	0.002475	5.3
42	-0.653083	19.819704	1941.245044	0.002095	5.4
43	-0.647529	19.058565	1978.129976	0.001906	5.2
44	-0.643458	20.052399	1930.241605	0.001981	5.2
45	-0.684975	21.052399	1884.340738	0.002071	6.3
46	-0.684116	22.052399	1840.572195	0.002225	7.1
47	-0.641055	23.052399	1798.790766	0.001976	6.2
48	-0.652801	24.052399	1758.864129	0.002230	6.2
49	-0.692386	25.052399	1720.671457	0.002723	6.8
50	-0.652959	26.042430	1684.459055	0.002326	6.9
51	-0.658415	27.042430	1649.397151	0.001899	6.4
52	-0.681483	26.281291	1675.949316	0.002441	6.4
53	-0.653268	25.520152	1703.370346	0.002004	8.0
54	-0.663692	26.514445	1667.725428	0.001810	6.0
55	-0.683865	25.753310	1694.875668	0.002737	5.7
56	-0.683678	26.729689	1660.204562	0.002369	7.2
57	-0.661730	27.729689	1626.134889	0.002182	8.0
58	-0.686796	26.968550	1651.937520	0.002486	6.6
59	-0.681146	26.207411	1678.572198	0.002299	9.0
60	-0.676377	27.207411	1643.752403	0.002362	7.0
61	-0.669698	26.446276	1670.121535	0.001952	5.6
62	-0.646997	25.685138	1697.350631	0.002192	5.6
63	-0.659045	24.923999	1725.482325	0.002001	8.6
64	-0.672912	24.162859	1754.562238	0.002561	6.4
65	-0.692548	23.401749	1784.637982	0.002138	6.2
66	-0.671886	22.640613	1815.763848	0.002241	5.1
67	-0.656165	23.586549	1777.241108	0.002076	6.6
68	-0.704897	22.825410	1808.107394	0.002618	7.8
69	-0.669629	23.825410	1767.770733	0.002417	5.9
70	-0.654757	24.825410	1729.194521	0.002470	5.7
71	-0.660359	24.064271	1758.400752	0.002227	7.6
72	-0.683973	25.064271	1720.227983	0.002369	6.6
73	-0.681186	24.303132	1749.129577	0.002466	5.9
74	-0.675960	23.542558	1778.996340	0.002411	5.5
75	-0.646224	24.542558	1739.934056	0.002020	6.7
76	-0.655824	25.542558	1702.550334	0.002480	7.4
77	-0.673256	26.542558	1666.739255	0.002428	5.5
78	-0.676660	27.542558	1632.403626	0.002594	5.5
79	-0.684881	28.542558	1599.454103	0.002420	6.4
80	-0.672476	29.135598	1580.534625	0.002490	7.6
81	-0.667396	30.135598	1549.625929	0.002238	6.0
82	-0.677301	31.135598	1519.902938	0.001998	6.1
83	-0.684523	32.135597	1491.298708	0.002520	7.6
84	-0.664858	33.135495	1463.754012	0.002268	6.0
85	-0.692749	34.135495	1437.205706	0.002632	5.2
86	-0.659479	33.379858	1457.176441	0.002030	5.9
87	-0.683638	34.379858	1430.864051	0.001996	5.4
88	-0.690220	35.379858	1405.485057	0.002069	5.2
89	-0.674379	36.379858	1380.990659	0.002017	5.3
90	-0.655935	35.618758	1399.554685	0.002144	5.9
91	-0.673351	36.618757	1375.264782	0.002248	7.0
92	-0.654133	37.565431	1353.034476	0.002797	5.8
93	-0.680720	36.810098	1370.712913	0.002084	7.3
94	-0.676401	37.810098	1347.405472	0.002101	7.1
95	-0.687294	38.810081	1324.877787	0.002166	6.2
96	-0.673888	38.048942	1341.955422	0.002274	7.8
97	-0.672793	37.287803	1359.479065	0.002099	6.4
98	-0.698392	36.526667	1377.466348	0.002174	5.9
99	-0.680922	37.522404	1354.029261	0.002481	8.5
100	-0.690253	38.522404	1331.281032	0.002211	7.0
101	-0.691633	39.522404	1309.284532	0.002361	4.9
102	-0.698183	40.522404	1288.003106	0.002578	6.2
103	-0.652940	39.773023	1303.885245	0.002297	6.6
104	-0.672518	39.011884	1320.422603	0.002123	5.3
105	-0.680556	40.009964	1298.821418	0.002186	5.8
106	-0.682596	41.009964	1277.876052	0.002141	7.4
107	-0.672810	42.009964	1257.595513	0.002305	6.7
108	-0.666275	43.009964	1237.948642	0.002099	5.7
109	-0.685185	44.009964	1218.906197	0.002240	5.5
110	-0.667634	43.248825	1233.346261	0.001947	7.2
111	-0.681231	42.487686	1248.132562	0.003122	6.2
112	-0.682781	43.487686	1228.777974	0.002015	6.4
113	-0.681374	44.487686	1210.014478	0.002128	5.9
114	-0.656795	43.728287	1224.210487	0.002420	8.6
115	-0.691344	42.967148	1238.777252	0.002163	6.5
116	-0.679638	43.967148	1219.709504	0.003164	5.7
117	-0.686941	44.874374	1202.911594	0.002446	5.5
118	-0.694265	45.874374	1184.923962	0.002435	6.6
119	-0.667644	46.874374	1167.466358	0.001914	6.7
120	-0.665227	47.874370	1150.515759	0.001964	5.8
121	-0.691925	48.469636	1140.657299	0.001880	6.6
122	-0.681666	49.469636	1124.470791	0.002091	7.7
123	-0.672453	50.468710	1108.751616	0.002036	5.9
124	-0.678554	51.445146	1093.807545	0.001804	5.8
125	-0.670157	52.445146	1078.914695	0.002285	8.7
126	-0.693492	53.443471	1064.445902	0.002253	7.1
127	-0.681034	52.682332	1075.441637	0.002356	5.2
128	-0.671465	51.921193	1086.666915	0.002221	5.9
129	-0.677648	52.921193	1071.966571	0.002590	7.7
130	-0.682318	53.921193	1057.658649	0.002102	6.7
131	-0.664175	54.774528	1045.747829	0.001983	5.7
132	-0.688726	55.774499	1032.127193	0.002253	7.3
133	-0.659444	56.774499	1018.856427	0.002006	7.3
134	-0.690596	56.046634	1028.481635	0.002663	5.7
135	-0.693244	55.285495	1038.743318	0.002298	5.9
136	-0.655628	54.524356	1049.211837	0.002289	5.5
137	-0.684818	55.524356	1035.501015	0.002021	5.5
138	-0.674877	54.767387	1045.846390	0.001908	5.6
139	-0.673697	54.006248	1056.459300	0.002227	5.6
140	-0.687959	55.006248	1042.559662	0.002691	7.4
141	-0.669995	56.006247	1029.021029	0.002184	6.5
142	-0.669648	55.245108	1039.293532	0.002136	5.6
143	-0.675888	56.245108	1025.839042	0.002015	5.7
144	-0.679205	55.484931	1036.034766	0.002167	5.6
145	-0.670953	56.484931	1022.663976	0.002216	5.4
146	-0.678953	55.723935	1032.807400	0.002279	5.3
147	-0.694760	56.705221	1019.764787	0.001991	5.7
148	-0.672805	57.705221	1006.808025	0.002387	5.3
149	-0.690402	57.046879	1015.300655	0.002005	5.4
150	-0.680489	58.046879	1002.456370	0.002028	5.4
151	-0.666220	59.046879	989.933004	0.002359	5.2
152	-0.710651	58.285740	999.436311	0.002126	5.4
153	-0.696157	59.285740	986.987825	0.002194	4.8
154	-0.683831	60.285740	974.845624	0.002282	5.5
155	-0.690780	61.285740	962.998545	0.002623	5.2
156	-0.682786	62.285740	951.435959	0.002215	5.1
157	-0.688947	63.285740	940.147739	0.002298	5.5
158	-0.690066	62.524601	948.715073	0.002138	5.2
159	-0.645183	63.524601	937.490944	0.002130	5.4
160	-0.672752	62.864077	944.874736	0.001906	5.6
161	-0.687089	62.102938	953.528835	0.002186	8.6
162	-0.683339	61.341799	962.342923	0.002051	7.0
163	-0.665134	62.279732	951.504595	0.002012	7.1
164	-0.685144	62.961152	943.782286	0.001904	7.1
165	-0.690863	62.200013	952.416294	0.002992	6.7
166	-0.688744	63.050762	942.776084	0.001936	6.5
167	-0.657891	64.050762	931.691220	0.002247	6.7
168	-0.652718	65.050762	920.863992	0.002152	7.0
169	-0.693013	66.050762	910.285521	0.002168	6.7
170	-0.683481	65.289623	918.314920	0.004003	6.8
171	-0.686887	66.289623	907.794599	0.002944	6.7
172	-0.684588	67.289623	897.512591	0.001958	7.0
173	-0.661837	68.289622	887.460892	0.002742	9.5
174	-0.692595	69.289622	877.631845	0.002178	6.6
175	-0.680512	70.289622	868.018137	0.002197	6.7
176	-0.704013	71.289622	858.612771	0.002583	7.2
177	-0.675104	72.289622	849.409038	0.002259	6.8
178	-0.683157	71.528487	856.396239	0.002054	7.1
179	-0.668204	72.528486	847.239719	0.002116	6.5
180	-0.674405	73.528129	838.280081	0.001914	6.6
181	-0.665178	72.766992	845.084674	0.001884	6.7
182	-0.659343	72.005853	852.000657	0.002221	6.6
183	-0.694943	73.005853	842.937385	0.002020	7.4
184	-0.679477	74.005853	834.064907	0.002064	6.9
185	-0.691991	73.273341	840.545664	0.002162	6.8
186	-0.670793	72.512796	847.381866	0.001955	6.2
187	-0.680556	73.449416	838.978699	0.002146	6.7
188	-0.686497	74.403082	830.592120	0.002243	6.7
189	-0.689800	73.641943	837.271993	0.002051	9.2
190	-0.683704	74.641943	828.517758	0.002690	7.6
191	-0.704473	75.641943	819.944692	0.001941	6.0
192	-0.694548	76.641940	811.547251	0.002376	6.6
193	-0.673438	77.641940	803.320049	0.002304	7.1
194	-0.676728	76.881395	809.561899	0.002299	6.0
195	-0.674967	77.881395	801.374697	0.002420	5.8
196	-0.664749	78.881395	793.351434	0.002335	6.0
197	-0.692110	79.881395	785.487235	0.001940	7.4
198	-0.702583	79.120256	791.458702	0.002108	6.4
199	-0.704517	78.360843	797.507805	0.002846	5.7
200	-0.683593	77.599704	803.664156	0.002271	7.8
201	-0.686301	76.841599	809.891174	0.002388	6.7
202	-0.686962	76.080460	816.240957	0.002104	5.4
203	-0.685948	77.080460	807.918800	0.002468	6.0
204	-0.725229	78.073953	799.817161	0.002727	6.5
205	-0.704285	77.312814	806.009356	0.002203	7.1
206	-0.660197	78.312814	797.893491	0.001985	6.0
207	-0.676578	77.551675	804.055821	0.002030	5.9
208	-0.675468	76.790538	810.314063	0.002136	7.2
209	-0.687428	77.790538	802.111718	0.002839	6.9
210	-0.689323	77.029399	808.339631	0.003187	5.5
211	-0.676818	78.029399	800.177008	0.002304	6.7
212	-0.684713	79.029399	792.177590	0.001977	7.2
213	-0.685910	78.331295	797.745037	0.002266	6.6
214	-0.654341	77.570336	803.903600	0.001956	5.5
215	-0.689656	78.570332	795.829905	0.001959	9.3
216	-0.673158	77.809193	801.960278	0.002190	6.8
217	-0.679158	78.066531	799.877084	0.001986	5.3
218	-0.681452	79.066531	791.883631	0.002277	5.7
219	-0.676009	78.305393	797.953115	0.002445	6.9
220	-0.688185	77.544254	804.116369	0.002417	7.5
221	-0.674776	78.544254	796.038390	0.002311	6.3
222	-0.674225	79.544254	788.121097	0.002235	5.4
223	-0.670580	80.544254	780.359741	0.001986	5.5
224	-0.685553	79.783115	786.253211	0.002269	5.3
225	-0.680192	80.783115	778.528421	0.002276	5.7
226	-0.688443	80.021976	784.394158	0.002089	5.5
227	-0.695390	81.021974	776.705691	0.002161	5.4
228	-0.683133	80.387215	781.568446	0.001983	5.4
229	-0.667959	81.387215	773.934988	0.001948	5.4
230	-0.687845	82.386729	766.452800	0.002318	5.3
231	-0.643513	83.384672	759.125320	0.002294	6.3
232	-0.664468	84.384672	751.921945	0.001856	5.6
233	-0.667611	85.376823	744.908956	0.001829	5.3
234	-0.680331	84.615756	750.276766	0.002600	5.3
235	-0.664613	85.615753	743.239585	0.002251	5.4
236	-0.675218	84.854614	748.583790	0.002163	6.0
237	-0.679578	85.854600	741.578253	0.002069	5.6
238	-0.672036	86.849116	734.739892	0.001928	5.4
239	-0.699082	87.692936	729.035859	0.002273	5.6
240	-0.680750	88.688817	722.416832	0.001974	5.6
241	-0.687394	89.688794	715.890425	0.002451	5.7
242	-0.672369	90.685514	709.501573	0.002153	5.6
243	-0.682010	89.924409	714.369799	0.002124	5.5
244	-0.709840	89.166188	719.286464	0.002518	5.5
245	-0.693635	88.474128	723.833559	0.002861	5.5
246	-0.680410	89.474128	717.281495	0.001958	5.4
247	-0.672901	90.474128	710.846984	0.002147	5.5
248	-0.678340	91.469183	704.557871	0.002151	5.8
249	-0.700206	90.708044	709.358478	0.002783	6.1
250	-0.687802	89.946905	714.224954	0.002086	5.3
251	-0.707131	90.946905	707.844921	0.002800	5.4
252	-0.674736	91.946897	701.577911	0.001933	5.7
253	-0.687149	92.946897	695.420851	0.001947	5.5
254	-0.687673	92.186628	700.091957	0.001972	5.6
255	-0.694923	91.466434	704.575089	0.002284	5.2
256	-0.653530	90.815709	708.675449	0.001995	5.8
257	-0.660722	91.815709	702.393740	0.002120	5.5
258	-0.672830	91.402489	704.975918	0.002470	5.6
259	-0.681840	90.641350	709.782244	0.001952	5.5
260	-0.687539	91.641288	703.481370	0.002150	5.3
261	-0.691331	92.641288	697.291003	0.002490	5.4
262	-0.674771	93.641288	691.208630	0.002009	5.4
263	-0.685837	94.641288	685.231452	0.002311	5.5
264	-0.695197	95.641288	679.356761	0.002227	5.6
265	-0.693322	94.880149	683.819001	0.002139	5.6
266	-0.687796	95.880149	677.968401	0.002487	5.9
267	-0.705804	96.812099	672.605346	0.002063	5.2
268	-0.669384	97.812099	666.944261	0.001999	5.8
269	-0.652441	97.050960	671.244416	0.002314	5.5
270	-0.683023	96.289821	675.600381	0.002020	5.4
271	-0.679859	97.289821	669.888981	0.002358	5.4
272	-0.707853	98.289821	664.273339	0.002089	5.5
273	-0.675037	99.289821	658.751067	0.002009	6.0
274	-0.691646	100.289821	653.319853	0.002185	7.8
275	-0.672474	100.098912	654.349792	0.002287	7.8
276	-0.676108	101.098912	648.990616	0.002288	6.2
277	-0.677516	100.338716	653.056587	0.002142	8.5
278	-0.698094	101.338716	647.718484	0.002180	6.6
279	-0.681374	102.331960	642.502139	0.002493	5.9
280	-0.666563	103.331960	637.334504	0.001852	8.5
281	-0.681473	104.331960	632.249333	0.001878	7.1
282	-0.689579	103.582738	636.051586	0.002150	6.1
283	-0.707551	102.822942	639.954490	0.003500	6.0
284	-0.691479	102.061803	643.912618	0.002206	6.5
285	-0.717796	103.061803	638.722361	0.002643	7.3
286	-0.700823	104.061803	633.615107	0.002379	6.2
287	-0.688937	103.300664	637.494968	0.002167	6.0
288	-0.671282	102.539527	641.422628	0.002428	8.9
289	-0.676364	103.539527	636.272274	0.002202	6.3
290	-0.711913	104.539527	631.203972	0.002332	5.7
291	-0.702048	105.539527	626.215776	0.002237	6.4
292	-0.661715	104.778642	630.004002	0.001834	8.5
293	-0.696504	105.778642	625.034680	0.002528	6.3
294	-0.686717	105.017503	628.809856	0.002249	5.8
295	-0.696222	104.256365	632.630906	0.002294	8.4
296	-0.702967	103.495232	636.498658	0.002067	7.0
297	-0.723060	104.495232	631.426763	0.002485	6.6
298	-0.688479	104.455625	631.626105	0.002349	7.1
299	-0.669777	105.455625	626.631262	0.002219	7.0
300	-0.667430	104.696277	630.416827	0.002177	6.7
301	-0.696066	103.935324	634.256552	0.002000	5.9
302	-0.694609	103.221284	637.902341	0.002217	6.2
303	-0.662850	102.460145	641.835047	0.002503	8.3
304	-0.681532	103.460145	636.678094	0.002308	6.2
305	-0.675265	104.460145	631.603351	0.002545	5.5
306	-0.713613	105.443488	626.691410	0.002125	6.0
307	-0.682818	104.682349	630.486687	0.002231	5.6
308	-0.699419	105.682349	625.509777	0.002126	5.5
309	-0.662197	106.439823	621.791884	0.001855	5.6
310	-0.685261	107.433753	616.979930	0.002200	5.5
311	-0.693246	106.672615	620.658142	0.002178	5.6
312	-0.693993	107.671363	615.840586	0.002585	5.5
313	-0.701988	106.975582	619.188808	0.002210	5.8
314	-0.682655	106.214443	622.893488	0.001935	5.5
315	-0.696325	107.214443	618.035272	0.002493	5.5
316	-0.692855	106.453317	621.726056	0.002117	5.0
317	-0.690575	107.453317	616.885962	0.002366	4.9
318	-0.703771	108.453317	612.120646	0.002612	5.0
319	-0.687745	107.692178	615.740982	0.002118	5.7
320	-0.690183	108.692178	610.993271	0.003368	5.4
321	-0.679323	107.931039	614.600245	0.002037	5.4
322	-0.695254	107.169899	618.250058	0.002399	5.7
323	-0.656589	108.169899	613.463726	0.001876	5.4
324	-0.700179	109.026587	609.421885	0.002278	5.2
325	-0.694826	110.026587	604.770754	0.002174	5.6
326	-0.692526	111.026587	600.190080	0.002005	5.6
327	-0.664115	112.026587	595.678275	0.001952	5.5
328	-0.657730	112.114140	595.286481	0.002599	5.7
329	-0.686562	113.114140	590.847825	0.002242	5.4
330	-0.696043	112.353001	594.220208	0.002086	5.6
331	-0.712947	113.353001	589.797380	0.002002	5.9
332	-0.682827	112.591862	593.157748	0.002229	5.5
333	-0.690142	111.830723	596.556627	0.002101	5.5
334	-0.691560	112.830723	592.099081	0.002168	5.6
335	-0.701032	113.825305	587.731269	0.002093	5.6
336	-0.678437	114.825305	583.404158	0.002351	5.5
337	-0.680703	115.810241	579.204065	0.002174	5.8
338	-0.692129	115.049102	582.444475	0.002017	5.5
339	-0.672652	116.049102	578.194579	0.002275	5.6
340	-0.662966	115.287994	581.423539	0.002041	5.5
341	-0.669892	116.287994	577.188475	0.002159	5.4
342	-0.678839	115.576432	580.195620	0.002083	5.5
343	-0.672510	114.861717	583.247802	0.002038	5.4
344	-0.682421	115.861717	578.986218	0.002206	5.5
345	-0.693442	116.853928	574.818935	0.002083	5.5
346	-0.701062	116.092789	578.010329	0.002084	5.6
347	-0.699526	117.092789	573.824663	0.002192	5.4
348	-0.687961	116.331649	577.004996	0.002161	5.5
349	-0.683361	117.331649	572.833825	0.002993	5.6
350	-0.682696	116.570510	576.003154	0.002082	5.5
351	-0.702038	115.809371	579.207748	0.002060	5.3
352	-0.670721	115.048232	582.448199	0.001783	5.5
353	-0.662122	115.981137	578.481458	0.002235	5.6
354	-0.670474	115.220011	581.713709	0.001900	5.5
355	-0.666962	114.459443	584.979874	0.002048	5.4
356	-0.726350	113.698304	588.285417	0.002245	5.6
357	-0.658224	112.937165	591.628529	0.002110	5.5
358	-0.644075	113.937165	587.244055	0.001827	5.5
359	-0.660759	113.176026	590.575309	0.001836	6.2
360	-0.680260	114.176026	586.206373	0.002300	7.7
361	-0.693729	113.866369	587.552319	0.002069	6.8
362	-0.655469	113.105230	590.887081	0.002113	5.6
363	-0.669749	114.105230	586.513549	0.002154	7.8
364	-0.690272	113.344091	589.836497	0.002280	7.1
365	-0.659531	112.582952	593.197312	0.002137	6.2
366	-0.680291	113.582952	588.789641	0.001843	6.7
367	-0.708839	112.821813	592.138503	0.002572	6.5
368	-0.689324	113.821813	587.746495	0.002054	8.0
369	-0.711293	114.821813	583.419160	0.001886	7.3
370	-0.678213	115.821813	579.155080	0.002173	7.6
371	-0.699792	115.060690	582.394868	0.002042	7.7
372	-0.679915	114.299627	585.670850	0.002872	7.2
373	-0.667681	113.538488	588.984229	0.001887	6.9
374	-0.674748	112.787576	592.290033	0.002327	6.1
375	-0.698131	113.787576	587.895785	0.002433	8.0
376	-0.688647	113.026437	591.234457	0.002082	6.8
377	-0.674689	112.265300	594.611261	0.002172	6.7
378	-0.689464	111.504180	598.026776	0.002252	7.7
379	-0.677626	112.504180	593.547315	0.001929	6.9
380	-0.682139	113.504180	589.134461	0.002088	6.4
381	-0.677905	114.504180	584.786739	0.002799	7.4
382	-0.687746	115.504178	580.502728	0.001894	6.8
383	-0.680546	114.743039	583.757725	0.001840	6.1
384	-0.685367	113.984068	587.040005	0.002655	6.2
385	-0.678377	113.222929	590.368937	0.002357	5.9
386	-0.670965	114.222929	586.003044	0.002648	5.8
387	-0.670753	113.461790	589.320193	0.001925	5.9
388	-0.697915	114.461790	584.969739	0.002417	6.1
389	-0.685153	115.461790	580.683047	0.002284	6.0
390	-0.687041	114.727239	583.825680	0.002006	5.6
391	-0.660512	113.966107	587.118128	0.002022	5.7
392	-0.679129	113.204968	590.447949	0.002343	5.7
393	-0.674105	112.443829	593.815755	0.002457	5.7
394	-0.674628	111.701254	597.138649	0.002327	6.0
395	-0.699941	110.940115	600.583436	0.002499	5.6
396	-0.679480	111.940073	596.065929	0.003859	6.4
397	-0.660905	111.183403	599.478046	0.002089	6.1
398	-0.680229	112.183403	594.976899	0.002236	5.9
399	-0.686565	111.422264	598.396718	0.002060	5.7
400	-0.682988	110.661126	601.856068	0.002258	5.7
401	-0.694669	109.899987	605.355657	0.002683	5.7
402	-0.683615	110.816680	601.145834	0.002046	5.7
403	-0.675230	110.068736	604.576273	0.001996	5.5
404	-0.686499	111.067502	600.004140	0.002064	5.0
405	-0.679378	110.309398	603.468215	0.002076	5.1
406	-0.711212	111.309397	598.907179	0.002410	4.9
407	-0.686769	110.548258	602.372460	0.002030	5.0
408	-0.676956	111.548258	597.827908	0.002051	5.2
409	-0.697279	111.872058	596.371041	0.001862	5.3
410	-0.668782	112.870089	591.924966	0.002225	5.3
411	-0.703612	113.870089	587.536113	0.002525	5.4
412	-0.701032	114.750842	583.724171	0.002354	5.4
413	-0.681880	113.989703	587.015498	0.002236	5.7
414	-0.672744	113.228566	590.344145	0.002172	5.8
415	-0.674302	114.228566	585.978616	0.002144	5.5
416	-0.693759	113.467427	589.295488	0.002171	5.6
417	-0.682808	114.467427	584.945399	0.001969	5.5
418	-0.700930	115.467425	580.659068	0.002229	5.7
419	-0.708016	116.467422	576.435104	0.002622	5.5
420	-0.686953	117.467422	572.272138	0.002694	5.4
421	-0.699699	118.467422	568.168871	0.002264	5.8
422	-0.691381	117.706283	571.286650	0.001801	5.7
423	-0.669571	116.945145	574.438833	0.001905	6.1
424	-0.667953	117.733349	571.175198	0.002413	5.7
425	-0.664583	117.078361	573.884622	0.002137	5.6
426	-0.678941	118.076454	569.766093	0.002103	5.9
427	-0.704563	119.076454	565.698556	0.002160	5.6
428	-0.703951	120.076446	561.688715	0.002168	5.6
429	-0.689432	121.076446	557.735289	0.001972	5.7
430	-0.680310	121.661708	555.447209	0.002180	5.5
431	-0.707654	122.661708	551.580854	0.002076	7.0
432	-0.699165	121.943099	554.353786	0.002031	5.2
433	-0.663275	122.943099	550.502585	0.002262	5.1
434	-0.681860	122.181959	553.428994	0.003288	6.8
435	-0.667660	123.181959	549.590588	0.002439	8.1
436	-0.707963	124.181959	545.805058	0.002700	6.1
437	-0.720202	123.420820	548.681607	0.002269	6.5
438	-0.658136	124.420820	544.908546	0.002163	6.7
439	-0.683847	123.659681	547.775628	0.001925	7.0
440	-0.681998	122.898542	550.673041	0.002130	6.4
441	-0.676577	123.294655	549.161353	0.002282	7.1
442	-0.707921	124.294655	545.381714	0.001840	6.4
443	-0.685518	124.089679	546.152201	0.002029	6.4
444	-0.651797	125.089663	542.413789	0.002215	9.5
445	-0.671055	124.330282	545.248014	0.002364	6.9
446	-0.690288	125.330282	541.521868	0.002779	8.1
447	-0.690842	126.330282	537.846304	0.002652	7.3
448	-0.687171	127.330282	534.220299	0.001981	8.0
449	-0.681848	128.330282	530.642858	0.002730	7.1
450	-0.689180	129.330282	527.113011	0.002614	6.0
451	-0.686177	130.330282	523.629815	0.002157	7.0
452	-0.680061	129.569143	526.276806	0.002105	7.1
453	-0.658617	128.808004	528.950694	0.002040	6.6
454	-0.690573	129.802685	525.461784	0.002301	6.4
455	-0.652559	129.044370	528.117434	0.002391	10.2
456	-0.686495	128.283231	530.810107	0.002631	7.0
457	-0.704584	127.522092	533.530377	0.002224	6.1
458	-0.684055	128.522092	529.962140	0.002072	7.9
459	-0.690190	127.760953	532.673704	0.001878	7.1
460	-0.695392	128.760953	529.116878	0.002082	6.3
461	-0.669318	129.759210	525.613312	0.002379	7.1
462	-0.694079	130.694599	522.372241	0.002320	6.7
463	-0.682617	131.694374	518.951980	0.002213	7.7
464	-0.709539	132.611671	515.853043	0.002369	7.0
465	-0.693033	131.850532	518.421800	0.002084	6.5
466	-0.669291	132.849781	515.054666	0.001941	7.6
467	-0.687090	132.088642	517.615458	0.001996	6.7
468	-0.689015	133.088642	514.256253	0.002425	7.0
469	-0.685232	132.327942	516.807615	0.002087	7.6
470	-0.692674	131.611938	519.232303	0.001767	6.7
471	-0.667994	130.850799	521.834910	0.002424	6.8
472	-0.700276	131.850414	518.422200	0.001956	6.3
473	-0.711631	131.089275	521.016673	0.002789	6.3
474	-0.687519	130.328136	523.637244	0.002051	6.2
475	-0.673106	129.566997	526.284310	0.002161	5.9
476	-0.662866	130.566997	522.812021	0.002163	6.5
477	-0.704478	129.805857	525.450730	0.001932	5.8
478	-0.686826	130.805848	521.989430	0.001856	6.0
479	-0.699297	131.805848	518.573399	0.003031	5.8
480	-0.677478	131.203231	520.626580	0.001928	5.7
481	-0.691832	130.442885	523.240481	0.002303	6.2
482	-0.659211	131.442884	519.808113	0.001788	5.8
483	-0.683680	130.681812	522.416279	0.002043	6.3
484	-0.701691	129.920808	525.050515	0.001808	6.2
485	-0.694663	130.920808	521.594434	0.002482	6.2
486	-0.691622	131.920808	518.183555	0.001897	5.9
487	-0.682872	131.159669	520.775633	0.002244	5.8
488	-0.675347	130.398530	523.393774	0.001977	5.9
489	-0.691967	131.398530	519.959399	0.002257	6.4
490	-0.680991	132.398530	516.569800	0.001971	5.9
491	-0.700279	133.398530	513.224109	0.002901	5.9
492	-0.669128	134.398530	509.921477	0.002142	5.8
493	-0.695964	135.398530	506.661079	0.002246	5.8
494	-0.692905	134.637392	509.138883	0.002127	6.2
495	-0.693498	135.222075	507.233359	0.002255	5.9
496	-0.689233	136.222075	504.007136	0.002445	5.7
497	-0.689727	135.460936	506.458991	0.002142	6.4
498	-0.683538	136.460936	503.242581	0.002168	5.8
499	-0.655315	137.460936	500.066766	0.002102	5.8
500	-0.691126	138.257088	497.566853	0.002143	5.7
501	-0.684538	139.257088	494.462049	0.002214	5.9
502	-0.688108	138.495949	496.821697	0.002276	5.9
503	-0.730440	137.734809	499.203975	0.002484	5.9
504	-0.690213	138.734809	496.078770	0.002291	5.7
505	-0.691382	139.679397	493.162468	0.001827	6.0
506	-0.671214	140.679397	490.112218	0.002079	5.9
507	-0.682364	139.918282	492.430361	0.001980	6.0
508	-0.670962	139.158010	494.767936	0.001866	5.9
509	-0.686577	138.396872	497.130508	0.002151	5.9
510	-0.717864	139.396872	494.031130	0.002109	5.8
511	-0.672097	138.635733	496.386658	0.002711	5.7
512	-0.680778	137.874598	498.764741	0.002468	6.1
513	-0.686277	138.874587	495.645050	0.001970	6.3
514	-0.697489	139.874587	492.564110	0.002131	6.2
515	-0.685423	139.113448	494.905635	0.002156	5.9
516	-0.684560	139.426522	493.939823	0.002203	5.9
517	-0.709459	138.665383	496.294477	0.002769	5.8
518	-0.691994	139.665383	493.205483	0.004143	5.8
519	-0.681652	140.665383	490.154703	0.002171	5.8
520	-0.671676	139.904244	492.473324	0.002128	5.8
521	-0.665572	140.904244	489.431567	0.001912	9.8
522	-0.675681	141.904244	486.427154	0.002125	7.4
523	-0.685443	141.143105	488.710561	0.002193	7.3
524	-0.687045	142.143105	485.714967	0.002568	9.2
525	-0.685735	143.143105	482.755872	0.001930	8.1
526	-0.681915	142.381966	485.004862	0.002485	6.8
527	-0.701548	143.381966	482.054387	0.001893	6.1
528	-0.677337	144.381960	479.139609	0.002325	8.5
529	-0.673997	145.381960	476.259852	0.002056	7.8
530	-0.717416	144.620821	478.448587	0.002092	6.4
531	-0.703786	145.620821	475.577105	0.001990	7.5
532	-0.683263	146.620821	472.739885	0.001917	8.1
533	-0.702104	145.859682	474.896313	0.002284	6.5
534	-0.669666	146.859676	472.067202	0.002191	6.4
535	-0.668607	147.859676	469.271584	0.002648	9.1
536	-0.669121	148.859676	466.508882	0.002332	6.4
537	-0.679866	149.859676	463.778520	0.002551	6.1
538	-0.684937	149.098706	465.853326	0.002042	6.9
539	-0.713990	150.098706	463.130609	0.002153	7.3
540	-0.673522	151.098706	460.439534	0.002570	6.4
541	-0.695619	152.098706	457.779551	0.002405	6.5
542	-0.694425	153.098706	455.150126	0.002183	6.9
543	-0.682093	154.098457	452.551376	0.002869	7.5
544	-0.684003	153.337318	454.527170	0.002413	6.8
545	-0.695044	152.577507	456.516798	0.002552	6.4
546	-0.685439	151.816368	458.527445	0.001895	6.7
547	-0.670828	152.816368	455.889446	0.002117	6.6
548	-0.696947	152.055230	457.894556	0.001800	6.4
549	-0.683421	151.300125	459.901279	0.002106	6.1
550	-0.684687	150.538986	461.941915	0.002419	5.6
551	-0.686910	151.467791	459.454182	0.001871	5.7
552	-0.709873	150.706652	461.490845	0.002411	5.3
553	-0.675424	149.949951	463.533610	0.002067	5.4
554	-0.711039	149.188812	465.606682	0.002213	5.4
555	-0.677467	148.427673	467.698379	0.002000	5.3
556	-0.677118	147.666534	469.808955	0.002487	5.5
557	-0.665564	148.666523	467.039970	0.001936	5.4
558	-0.697739	147.905384	469.144595	0.001929	5.9
559	-0.687685	148.905235	466.383794	0.002455	5.6
560	-0.672614	149.905234	463.654893	0.002148	5.6
561	-0.694111	149.181287	465.627268	0.002021	5.6
562	-0.681138	148.421506	467.715402	0.002203	5.4
563	-0.679572	148.345473	467.925398	0.002575	5.8
564	-0.692821	149.345473	465.178478	0.002363	5.5
565	-0.683689	148.584334	467.266321	0.002412	5.5
566	-0.686440	149.584334	464.527111	0.002247	5.6
567	-0.693836	150.572970	461.850417	0.002145	5.7
568	-0.700898	149.812052	463.907827	0.002189	5.4
569	-0.695592	149.050913	465.984254	0.002099	5.4
570	-0.689010	148.294178	468.067176	0.001918	5.7
571	-0.683024	147.533039	470.181089	0.002011	5.8
572	-0.689465	148.533039	467.407700	0.002650	5.5
573	-0.710914	147.771907	469.515627	0.002613	5.4
574	-0.701958	147.010768	471.642673	0.002634	5.5
575	-0.703603	148.010768	468.852066	0.002451	5.5
576	-0.679512	147.249629	470.973091	0.002145	5.5
577	-0.687453	146.488490	473.113393	0.002097	5.4
578	-0.700939	147.488376	470.305724	0.002110	5.6
579	-0.672673	146.727238	472.439949	0.002254	5.7
580	-0.687162	145.966099	474.593635	0.002266	5.7
581	-0.698187	145.205004	476.766920	0.002778	5.5
582	-0.658154	144.443875	478.960299	0.001848	5.2
583	-0.676028	145.443875	476.082691	0.002417	5.3
584	-0.682190	144.682736	478.269792	0.001930	5.5
585	-0.690746	145.682736	475.400450	0.002379	5.5
586	-0.684316	144.921597	477.581274	0.002334	5.4
587	-0.655405	144.160458	479.782199	0.002206	5.5
588	-0.674534	145.160458	476.894736	0.002131	5.6
589	-0.658697	146.160458	474.041820	0.001946	5.8
590	-0.676895	145.400441	476.206958	0.002131	5.6
591	-0.672760	146.400441	473.362241	0.002251	9.0
592	-0.683968	147.400441	470.551308	0.001981	6.9
593	-0.689868	148.266235	468.144445	0.002311	5.8
594	-0.687021	149.266235	465.394961	0.001950	6.3
595	-0.697347	150.266235	462.677583	0.002317	8.3
596	-0.689503	151.266235	459.991755	0.002026	6.6
597	-0.681822	150.505096	462.033197	0.002203	5.7
598	-0.690175	151.505062	459.354914	0.002153	6.8
599	-0.713995	152.505062	456.707412	0.002071	7.4
600	-0.684870	151.752745	458.696316	0.002423	6.3
601	-0.686252	152.752745	456.056379	0.002441	6.9
602	-0.688722	153.252266	454.749024	0.002106	6.7
603	-0.691616	154.252266	452.154199	0.002153	6.6
604	-0.700071	153.491127	454.126518	0.001893	5.7
605	-0.666082	154.491127	451.538772	0.002186	5.9
606	-0.675219	153.729988	453.505714	0.002481	5.5
607	-0.698746	154.729988	450.925018	0.002169	5.4
608	-0.698625	153.968849	452.886605	0.002245	5.6
609	-0.707472	154.968849	450.312930	0.002539	6.9
610	-0.690906	154.207710	452.269184	0.002436	7.1
611	-0.686841	155.207709	449.702502	0.001966	8.6
612	-0.706636	154.457282	451.625871	0.002282	8.2
613	-0.701206	153.709493	453.558912	0.002959	6.4
614	-0.700880	152.948354	455.543532	0.002549	5.9
615	-0.702278	152.187226	457.545570	0.002116	5.6
616	-0.667282	151.474011	459.437612	0.002389	5.6
617	-0.693347	152.474011	456.789160	0.002102	5.6
618	-0.676924	151.713433	458.800723	0.002002	5.5
619	-0.683522	152.713344	456.159820	0.001998	5.5
620	-0.680257	153.673565	453.652205	0.001955	5.9
621	-0.668407	152.913762	455.634142	0.001984	5.5
622	-0.698003	153.913762	453.029234	0.002132	5.3
623	-0.658929	153.155020	455.002951	0.001868	4.9
624	-0.684481	152.393884	457.000246	0.002041	5.3
625	-0.677099	153.393884	454.379740	0.001978	5.3
626	-0.678129	154.066502	452.633981	0.002305	5.7
627	-0.680599	155.066502	450.063168	0.002018	5.3
628	-0.685034	154.375306	451.836976	0.002079	5.4
629	-0.678465	155.375306	449.275183	0.002093	5.7
630	-0.677824	156.375306	446.742276	0.003236	5.7
631	-0.689414	157.328833	444.353539	0.002125	5.4
632	-0.672462	158.328833	441.875669	0.002388	5.4
633	-0.668762	157.567693	443.759150	0.001957	5.4
634	-0.673010	158.567693	441.287886	0.002337	5.4
635	-0.684384	157.806555	443.166347	0.002154	5.3
636	-0.690823	157.045416	445.060870	0.002083	5.5
637	-0.710197	158.045416	442.575127	0.002190	5.5
638	-0.671762	157.284277	444.464588	0.001907	5.9
639	-0.665197	156.523138	446.370251	0.001799	5.5
640	-0.692075	157.523138	443.869902	0.002219	5.7
641	-0.668802	156.761999	445.770458	0.002109	5.7
642	-0.680189	156.000860	447.687360	0.001794	5.5
643	-0.685935	156.925841	445.359973	0.002095	5.5
644	-0.682455	157.925841	442.870897	0.002390	5.5
645	-0.691750	157.164702	444.762890	0.002443	5.5
646	-0.714805	158.164702	442.280466	0.002309	5.4
647	-0.688677	159.164700	439.825604	0.002055	5.7
648	-0.711148	159.265719	439.579129	0.002131	6.2
649	-0.678999	160.265719	437.154076	0.002350	5.5
650	-0.678491	159.504580	438.997436	0.002174	5.2
651	-0.673496	160.504110	436.579909	0.001957	5.2
652	-0.709708	161.504110	434.187744	0.002418	5.4
653	-0.690644	160.742971	436.006121	0.002091	5.3
654	-0.685415	161.742934	433.620311	0.002008	5.4
655	-0.678456	162.742934	431.260382	0.002077	5.6
656	-0.672928	161.981798	433.054264	0.002426	5.6
657	-0.688596	162.964526	430.740912	0.002266	5.7
658	-0.669446	163.964526	428.412136	0.002370	5.5
659	-0.664892	164.958003	426.123353	0.002091	5.4
660	-0.688232	165.958003	423.844106	0.001968	5.5
661	-0.674569	165.196865	425.576702	0.002223	6.9
662	-0.676133	164.435726	427.323523	0.001984	7.6
663	-0.684564	165.435726	425.031455	0.002666	6.4
664	-0.701558	164.674751	426.773416	0.002001	5.8
665	-0.696243	165.674748	424.487236	0.002299	6.0
666	-0.651532	164.913612	426.225099	0.002575	6.8
667	-0.684438	165.913612	423.944767	0.001899	6.6
668	-0.673919	166.913612	421.688705	0.002077	5.9
669	-0.675730	166.152473	423.403690	0.001984	6.9
670	-0.686767	167.092725	421.287149	0.002075	7.3
671	-0.670567	168.062628	419.125919	0.002149	6.6
672	-0.692100	169.062628	416.920720	0.002203	7.1
673	-0.709311	168.301814	418.596347	0.002120	7.3
674	-0.692529	167.540790	420.285965	0.001971	7.1
675	-0.697467	168.540770	418.068618	0.002285	5.9
676	-0.667440	167.779928	419.753566	0.002366	6.4
677	-0.685541	168.778921	417.543991	0.002099	5.8
678	-0.671133	168.018847	419.222998	0.001798	5.6
679	-0.692398	169.018847	417.016780	0.002146	5.4
680	-0.685964	168.257708	418.693899	0.002127	9.6
681	-0.683225	167.496569	420.384563	0.001823	6.3
682	-0.700030	166.735439	422.088916	0.002000	6.3
683	-0.697256	165.988120	423.775842	0.003355	7.3
684	-0.687398	165.226981	425.507881	0.002356	6.8
685	-0.666020	164.465842	427.254135	0.002176	5.4
686	-0.702345	165.465842	424.962809	0.002142	5.7
687	-0.704894	166.343402	422.972185	0.001974	5.4
688	-0.705595	165.582262	424.697647	0.002704	5.6
689	-0.680331	166.582262	422.433586	0.002135	5.5
690	-0.688255	165.821123	424.154648	0.002633	5.1
691	-0.696591	165.059984	425.889791	0.002295	5.4
692	-0.689534	166.059984	423.613036	0.002280	5.2
693	-0.675442	167.059978	421.360508	0.002130	5.9
694	-0.677483	167.989490	419.288120	0.002731	5.3
695	-0.716129	168.989488	417.081222	0.002060	5.3
696	-0.711393	169.346876	416.298126	0.001804	5.3
697	-0.696458	168.585737	417.969458	0.002495	6.0
698	-0.671816	169.585601	415.776678	0.002639	5.6
699	-0.688689	170.585601	413.606490	0.002084	5.4
700	-0.695948	171.585601	411.458840	0.002231	5.6
701	-0.691737	170.824461	413.091465	0.002934	5.5
702	-0.702668	171.824461	410.949146	0.002262	6.0
703	-0.688291	171.066258	412.571416	0.002085	5.3
704	-0.674821	172.066258	410.434474	0.002778	5.4
705	-0.704183	173.066258	408.319554	0.002378	5.4
706	-0.698955	174.066256	406.226322	0.001896	5.4
707	-0.688227	173.305118	407.817605	0.002108	5.5
708	-0.694060	174.305117	405.729503	0.002027	5.2
709	-0.680414	173.543977	407.316890	0.002105	5.4
710	-0.679255	172.782838	408.916747	0.002359	5.8
711	-0.645627	172.021701	410.529217	0.002556	5.3
712	-0.705918	171.260562	412.154459	0.001923	5.5
713	-0.699006	172.260562	410.021823	0.001981	5.6
714	-0.697330	173.260562	407.911143	0.002065	5.5
715	-0.672500	174.260562	405.822083	0.002174	5.3
716	-0.701124	173.499423	407.410196	0.001885	5.4
717	-0.721299	174.499423	405.326250	0.002026	5.4
718	-0.690803	173.738328	406.910385	0.002030	5.6
719	-0.668219	172.977189	408.507043	0.002232	5.7
720	-0.678552	173.977189	406.411890	0.002152	5.5
721	-0.668441	173.217141	408.002339	0.002046	5.5
722	-0.678061	174.216655	405.913357	0.001942	5.8
723	-0.701550	175.070396	404.145905	0.002113	5.6
724	-0.702114	174.309258	405.720900	0.002451	5.4
725	-0.682480	174.895868	404.505970	0.002129	5.6
726	-0.707776	175.895573	402.452157	0.002251	5.4
727	-0.704767	176.881955	400.446053	0.002052	5.4
728	-0.710540	177.881955	398.432567	0.002113	6.0
729	-0.712685	178.881955	396.439227	0.002202	5.5
730	-0.697703	179.881948	394.465748	0.002452	5.6
731	-0.702289	180.012850	394.208868	0.001964	5.5
732	-0.689968	179.256999	395.696771	0.002601	5.5
733	-0.673386	180.256999	393.730644	0.001938	5.6
734	-0.705721	181.256999	391.783960	0.002304	5.5
735	-0.671883	182.164538	390.033855	0.002296	9.7
736	-0.673127	181.403399	391.500579	0.002210	7.0
737	-0.686682	182.375331	389.629596	0.001937	5.5
738	-0.674270	181.614192	391.093275	0.001985	7.2
739	-0.701349	180.853053	392.567994	0.001884	7.1
740	-0.703725	180.091913	394.053875	0.002457	6.8
741	-0.677759	179.330774	395.551048	0.002116	5.9
742	-0.696525	178.569635	397.059641	0.001827	9.2
743	-0.687369	179.569635	395.079982	0.002411	6.7
744	-0.692339	178.808496	396.584977	0.002739	5.6
745	-0.671421	179.808496	394.610035	0.002218	6.4
746	-0.670144	180.798207	392.674688	0.002349	7.0
747	-0.677415	180.193158	393.855580	0.001997	6.0
748	-0.695520	181.193158	391.907662	0.002078	6.0
749	-0.698204	182.193158	389.978918	0.002177	6.4
750	-0.704247	181.432019	391.445228	0.002180	7.0
751	-0.675932	180.670880	392.922606	0.001959	6.6
752	-0.697793	179.910064	394.410544	0.002466	5.9
753	-0.665227	179.148925	395.910434	0.002126	9.1
754	-0.692494	180.148915	393.942208	0.002296	6.6
755	-0.689221	180.130548	393.978183	0.002589	6.1
756	-0.681505	181.130548	392.029056	0.001934	8.0
757	-0.698945	182.130534	390.099147	0.002059	8.0
758	-0.701285	183.130533	388.188120	0.002192	6.1
759	-0.691763	184.130533	386.295724	0.002523	7.4
760	-0.672780	185.130533	384.421690	0.001938	5.5
761	-0.684531	184.369394	385.846432	0.002098	5.7
762	-0.685420	185.369394	383.976744	0.002846	6.1
763	-0.695598	186.369394	382.125088	0.002092	5.7
764	-0.698791	185.608815	383.531786	0.001928	5.5
765	-0.678257	184.847676	384.949927	0.002485	5.6
766	-0.684682	184.086537	386.378594	0.002163	5.6
767	-0.692992	185.086537	384.503758	0.002642	5.9
768	-0.679267	186.086534	382.647033	0.002396	5.6
769	-0.669590	187.086534	380.808149	0.001980	5.6
770	-0.692061	186.325395	382.206183	0.002489	5.5
771	-0.661856	185.564256	383.614520	0.002307	5.4
772	-0.689238	184.803117	385.033274	0.001975	5.5
773	-0.683888	184.041978	386.462561	0.002011	5.6
774	-0.676519	185.041923	384.587013	0.002482	5.5
775	-0.695785	186.041923	382.729481	0.001952	5.4
776	-0.687524	185.508183	383.718682	0.002420	5.9
777	-0.700734	186.507974	381.869894	0.001786	6.1
778	-0.689911	187.507974	380.038453	0.001980	6.4
779	-0.695746	186.746835	381.430831	0.001921	5.6
780	-0.686302	186.313173	382.228715	0.002381	5.6
781	-0.687243	187.313173	380.393839	0.002126	5.7
782	-0.705467	188.313148	378.576542	0.002389	5.5
783	-0.686115	189.313148	376.776480	0.002526	5.4
784	-0.692010	190.313148	374.993456	0.002050	5.4
785	-0.692297	191.313148	373.227228	0.002214	5.9
786	-0.709494	190.552009	374.570055	0.002532	5.7
787	-0.699777	191.552009	372.807804	0.004040	5.6
788	-0.697319	192.552009	371.062057	0.002525	5.5
789	-0.678782	191.790870	372.389322	0.002414	5.6
790	-0.710824	192.790870	370.647482	0.002725	5.3
791	-0.671506	193.790870	368.921862	0.002431	5.5
792	-0.689976	193.029731	370.233833	0.002319	5.5
793	-0.709065	192.268592	371.555169	0.002283	5.5
794	-0.691244	193.268592	369.821107	0.002868	6.0
795	-0.674019	194.268592	368.103155	0.002202	5.6
796	-0.672686	193.507453	369.409299	0.002766	5.5
797	-0.707613	194.507449	367.695169	0.002415	5.6
798	-0.677463	195.507449	365.996866	0.002074	5.6
799	-0.708539	194.746313	367.288075	0.002249	7.3
800	-0.705743	193.985174	368.588431	0.002168	6.7
801	-0.682381	194.985174	366.881886	0.002017	6.7
802	-0.679369	194.224035	368.179363	0.002643	6.2
803	-0.688986	195.224035	366.476595	0.001926	7.2
804	-0.702429	196.223937	364.789668	0.002039	6.6
805	-0.672556	197.223937	363.118038	0.002007	6.0
806	-0.704127	196.462798	364.388983	0.002201	6.2
807	-0.694893	197.460481	362.724863	0.001814	5.6
808	-0.700650	196.699352	363.993035	0.001861	5.5
809	-0.677158	197.699352	362.328682	0.002140	5.5
810	-0.685205	196.938599	363.593453	0.002692	5.6
811	-0.678834	197.938599	361.932743	0.003102	5.0
812	-0.691539	198.938599	360.287135	0.002187	4.8
813	-0.698770	199.766629	358.935806	0.002269	4.9
814	-0.691235	199.005490	360.177593	0.002126	5.8
815	-0.680680	200.005490	358.547871	0.002555	5.7
816	-0.708597	199.244351	359.786971	0.001910	5.5
817	-0.676145	198.483351	361.034436	0.002291	5.7
818	-0.689026	197.722212	362.290813	0.001742	5.4
819	-0.688205	198.722212	360.641954	0.002333	5.5
820	-0.685143	197.961073	361.895595	0.002157	6.0
821	-0.714187	197.199934	363.157983	0.001948	5.7
822	-0.703753	196.440808	364.425834	0.002297	6.0
823	-0.681346	195.681351	365.703128	0.001749	5.6
824	-0.718735	194.920212	366.992266	0.002492	5.6
825	-0.685505	195.920212	365.300435	0.002343	5.7
826	-0.677726	196.920212	363.624132	0.002224	5.7
827	-0.667982	196.159073	364.898628	0.002179	5.5
828	-0.682766	195.417668	366.148700	0.002838	4.9
829	-0.707163	196.348836	364.580043	0.002355	5.0
830	-0.708266	195.587696	365.861261	0.002306	5.2
831	-0.718091	194.871855	367.074474	0.004381	5.9
832	-0.701855	194.110716	368.373316	0.002236	5.5
833	-0.684188	193.349577	369.681381	0.002310	5.4
834	-0.709840	192.604171	370.971445	0.002107	5.5
835	-0.705387	193.604170	369.242814	0.002357	5.4
836	-0.688402	194.604151	367.530252	0.001963	5.6
837	-0.709368	195.172909	366.563268	0.002251	5.6
838	-0.671038	194.411771	367.858486	0.001739	5.4
839	-0.679230	193.650632	369.162891	0.001781	5.3
840	-0.713726	192.889493	370.476580	0.002457	5.7
841	-0.685505	193.889493	368.752547	0.002592	5.6
842	-0.684377	193.128354	370.063312	0.002167	5.5
843	-0.701301	194.128354	368.343114	0.002039	5.5
844	-0.710474	195.128354	366.638834	0.002346	5.2
845	-0.677478	196.128354	364.950253	0.002496	5.6
846	-0.682511	195.367215	366.234080	0.001940	5.5
847	-0.681652	194.606080	367.526964	0.002441	5.9
848	-0.690420	195.606080	365.830211	0.002169	5.7
849	-0.677365	195.121857	366.649856	0.002242	5.8
850	-0.700861	194.360718	367.945689	0.002240	5.3
851	-0.686487	195.360718	366.245077	0.002116	5.5
852	-0.697897	196.360718	364.560112	0.002367	5.5
853	-0.687757	195.599579	365.841190	0.002079	5.7
854	-0.678717	194.838440	367.131303	0.002036	5.6
855	-0.707923	194.077301	368.430548	0.001896	5.8
856	-0.682273	195.077301	366.725461	0.001895	6.1
857	-0.700765	194.316162	368.021830	0.002280	5.7
858	-0.692710	195.265041	366.407106	0.002157	6.1
859	-0.680455	194.503905	367.701215	0.003032	6.5
860	-0.678904	193.742766	369.004504	0.001920	5.8
861	-0.694052	192.981627	370.317064	0.002259	5.9
862	-0.683926	193.981627	368.594512	0.001951	5.9
863	-0.673370	194.981627	366.887911	0.002232	5.9
864	-0.667166	195.981627	365.197040	0.002172	6.0
865	-0.673763	196.981627	363.521683	0.001858	6.0
866	-0.701342	196.232534	364.775231	0.002341	5.9
867	-0.681429	195.471395	366.057824	0.002304	5.9
868	-0.693460	196.471390	364.374586	0.002126	5.9
869	-0.713414	197.471380	362.706767	0.002224	5.9
870	-0.692436	198.447174	361.093955	0.002188	5.8
871	-0.715849	197.686036	362.350744	0.002016	5.9
872	-0.701191	198.685875	360.701606	0.001920	6.1
873	-0.697668	197.933119	361.941803	0.002016	5.8
874	-0.700194	198.933119	360.296113	0.001996	5.8
875	-0.677247	199.932869	358.665726	0.002165	6.0
876	-0.684107	199.171730	359.905642	0.002207	6.0
877	-0.680629	199.178112	359.895210	0.002145	6.0
878	-0.659925	199.589927	359.223329	0.002062	5.9
879	-0.702074	200.589917	357.602227	0.002432	5.8
880	-0.691209	200.306414	358.060331	0.002006	6.4
881	-0.675762	199.545277	359.296054	0.002231	5.9
882	-0.701853	200.545277	357.674281	0.002157	5.9
883	-0.712029	201.545213	356.067186	0.001853	5.9
884	-0.692323	200.784074	357.289171	0.002311	6.0
885	-0.701132	200.023528	358.518609	0.002344	6.2
886	-0.691315	201.023528	356.903831	0.001978	5.9
887	-0.691551	202.023528	355.303534	0.002155	5.7
888	-0.698489	201.446958	356.224462	0.002272	6.2
889	-0.674009	202.446930	354.630283	0.002049	6.0
890	-0.713868	203.446930	353.050265	0.002996	5.8
891	-0.685803	204.446930	351.484263	0.002219	5.8
892	-0.686127	203.685790	352.674941	0.003440	6.2
893	-0.687219	202.924651	353.873713	0.002303	6.1
894	-0.682855	203.812719	352.475822	0.002226	5.9
895	-0.694531	203.051580	353.673239	0.002154	5.8
896	-0.690421	202.290441	354.878819	0.002293	6.2
897	-0.708765	202.192468	355.034597	0.002371	6.1
898	-0.707006	203.192468	353.450982	0.001918	5.8
899	-0.696786	202.431329	354.655045	0.001987	6.0
900	-0.706050	201.670190	355.867339	0.002087	6.1
901	-0.709991	202.409944	354.688992	0.002627	5.9
902	-0.679095	203.409944	353.108452	0.002322	5.9
903	-0.699037	202.648805	354.310178	0.001957	5.8
904	-0.698771	203.648805	352.733004	0.001834	6.1
905	-0.672156	204.648614	351.170106	0.002099	6.1
906	-0.681147	205.648614	349.620703	0.002031	5.9
907	-0.706732	206.648614	348.084912	0.002338	5.9
908	-0.666507	207.648614	346.562555	0.002304	5.8
909	-0.676343	208.648614	345.053455	0.002044	5.8
910	-0.680355	207.887475	346.200891	0.002155	5.8
911	-0.698890	208.887475	344.694933	0.002133	5.2
912	-0.686360	209.887475	343.202020	0.002040	5.5
913	-0.689655	210.887457	341.722010	0.001982	5.9
914	-0.660561	211.887457	340.254683	0.002182	5.7
915	-0.712280	211.127146	341.369156	0.002286	5.5
916	-0.664830	212.127146	339.904851	0.002054	5.8
917	-0.700644	211.366007	341.018245	0.002679	5.6
918	-0.686687	212.366007	339.556943	0.002076	5.5
919	-0.684594	211.604925	340.667971	0.002129	5.7
920	-0.691751	212.604925	339.209662	0.002150	5.7
921	-0.661286	213.586101	337.790889	0.001983	5.8
922	-0.680609	214.586033	336.357155	0.002292	6.5
923	-0.684140	215.586033	334.935443	0.002313	7.5
924	-0.680071	215.761410	334.687345	0.001943	6.6
925	-0.673902	215.000271	335.766766	0.001863	9.6
926	-0.666312	215.896708	334.496196	0.002038	7.4
927	-0.662698	216.896708	333.090140	0.001907	6.6
928	-0.684301	216.135569	334.159266	0.002052	8.8
929	-0.683055	217.135569	332.756036	0.003353	8.0
930	-0.689045	218.135569	331.364540	0.002147	7.0
931	-0.697660	219.135569	329.984634	0.001974	6.4
932	-0.687697	218.374430	331.033887	0.002162	8.7
933	-0.674770	219.374395	329.656775	0.002293	7.0
934	-0.714959	219.697822	329.213814	0.002015	6.5
935	-0.690145	218.936683	330.258162	0.003114	8.4
936	-0.692044	219.936683	328.887436	0.002399	9.8
937	-0.691842	219.175544	329.929712	0.002196	6.1
938	-0.690651	218.414404	330.978614	0.002575	8.9
939	-0.694754	217.653265	332.034208	0.002593	7.0
940	-0.700650	216.892126	333.096555	0.002006	6.2
941	-0.695138	216.130991	334.165718	0.002164	5.7
942	-0.692850	215.373843	335.236111	0.002154	8.2
943	-0.688834	214.612704	336.319080	0.002584	7.2
944	-0.689223	215.612704	334.897690	0.001892	6.2
945	-0.678916	214.851565	335.978470	0.002217	6.2
946	-0.723535	215.851556	334.559963	0.002432	7.7
947	-0.694671	215.090417	335.638561	0.002171	6.9
948	-0.674829	216.090417	334.222905	0.002622	5.7
949	-0.687392	215.329278	335.299327	0.002168	6.8
950	-0.702976	216.329278	333.886525	0.002169	8.5
951	-0.719560	217.329091	332.485839	0.002358	5.6
952	-0.672772	218.329091	331.096598	0.002095	5.9
953	-0.690578	217.567952	332.152945	0.002098	6.4
954	-0.699161	218.567952	330.766479	0.002360	6.3
955	-0.686669	217.806813	331.820717	0.001833	5.7
956	-0.696959	217.045674	332.881697	0.002787	6.4
957	-0.677889	218.045674	331.489152	0.001911	6.9
958	-0.634273	219.045667	330.108220	0.002638	7.1
959	-0.689397	220.045661	328.738743	0.002436	5.5
960	-0.675155	219.284522	329.780075	0.001809	6.0
961	-0.694275	220.283523	328.414667	0.002368	7.1
962	-0.686624	221.283523	327.059169	0.002851	6.9
963	-0.678107	220.522385	328.089870	0.002580	5.5
964	-0.702698	219.761246	329.127089	0.002430	6.5
965	-0.696679	220.761246	327.765716	0.002022	7.0
966	-0.690100	220.000110	328.800879	0.002405	6.2
967	-0.672647	221.000110	327.442198	0.002174	5.7
968	-0.667947	220.238970	328.475319	0.002687	8.4
969	-0.700326	219.477831	329.514980	0.002058	6.8
970	-0.670085	218.717733	330.559809	0.001902	5.6
971	-0.695410	217.957414	331.611590	0.002255	5.7
972	-0.694362	217.196318	332.671170	0.002454	5.6
973	-0.678624	216.435179	333.737604	0.002260	5.3
974	-0.675667	217.435179	332.337905	0.002615	5.4
975	-0.699743	218.435179	330.949897	0.002130	5.8
976	-0.678572	219.435179	329.573435	0.002012	5.5
977	-0.690843	218.680111	330.611695	0.002222	5.5
978	-0.686508	217.918972	331.664946	0.002382	5.4
979	-0.674127	217.157833	332.724928	0.002121	5.5
980	-0.693708	218.024469	331.518560	0.002136	5.4
981	-0.679708	219.021895	330.140914	0.001991	5.5
982	-0.679450	220.016532	328.778475	0.002049	5.2
983	-0.681628	221.016532	327.419979	0.001915	5.3
984	-0.681293	221.858106	326.285373	0.002397	5.5
985	-0.684203	222.858106	324.947360	0.002192	6.0
986	-0.673393	223.858106	323.620276	0.002315	5.7
987	-0.689547	224.858106	322.303987	0.002123	5.4
988	-0.669899	225.838059	321.024432	0.002375	5.4
989	-0.702625	225.076945	322.017358	0.002533	5.4
990	-0.682560	226.076945	320.714050	0.002370	5.4
991	-0.675719	227.076945	319.421249	0.002440	5.3
992	-0.690663	226.315806	320.404300	0.002015	5.5
993	-0.702220	227.315806	319.113991	0.002239	5.5
994	-0.681217	226.554667	320.095148	0.002124	5.3
995	-0.681370	225.793528	321.082358	0.001798	5.4
996	-0.677644	226.793446	319.786698	0.002040	5.3
997	-0.695969	227.793342	318.501480	0.002248	5.6
998	-0.704963	228.348360	317.792536	0.002005	5.2
999	-0.691577	227.587226	318.765566	0.002506	5.4
1000	-0.679417	228.587226	317.488395	0.002110	5.6
1001	-0.701506	229.587226	316.221417	0.002100	5.3
1002	-0.700162	230.587226	314.964512	0.002078	5.3
1003	-0.694412	231.587226	313.717558	0.002504	5.7
1004	-0.701460	232.587226	312.480439	0.002282	5.6
1005	-0.715454	231.890566	313.341257	0.001943	5.5
1006	-0.679401	231.129492	314.287103	0.002345	5.6
1007	-0.691891	232.129492	313.045497	0.002133	5.4
1008	-0.692522	231.420392	313.924906	0.001883	5.9
1009	-0.693568	230.660041	314.873380	0.002382	5.4
1010	-0.693808	229.898902	315.828595	0.001863	5.5
1011	-0.713156	229.137767	316.789618	0.002066	5.3
1012	-0.684811	228.376628	317.756513	0.001947	5.3
1013	-0.690178	227.618098	318.725983	0.002134	5.3
1014	-0.728649	226.856963	319.704748	0.002285	5.5
1015	-0.681482	227.854325	318.423430	0.002712	5.4
1016	-0.667616	228.854325	317.148994	0.002181	5.5
1017	-0.699060	228.093186	318.118087	0.002370	5.3
1018	-0.680556	229.093186	316.846089	0.002095	5.2
1019	-0.678142	230.093186	315.584222	0.002066	5.4
1020	-0.696244	229.367134	316.499401	0.001953	5.3
1021	-0.680336	230.367134	315.240289	0.002462	5.3
1022	-0.678773	231.367134	313.991155	0.002468	5.4
1023	-0.658725	232.367063	312.751969	0.001977	5.3
1024	-0.694528	231.605924	313.694337	0.002234	5.7
1025	-0.683817	232.597208	312.468140	0.002790	5.5
1026	-0.689399	233.597208	311.240836	0.002246	5.4
1027	-0.667643	234.597208	310.023135	0.002411	5.4
1028	-0.690583	233.953500	310.805884	0.001823	5.5
1029	-0.667832	233.192361	311.736543	0.002733	5.4
1030	-0.684615	232.431223	312.672791	0.002299	5.4
1031	-0.687350	231.670084	313.614681	0.001607	5.3
1032	-0.693684	232.587581	312.480002	0.002436	5.5
1033	-0.693085	233.587578	311.252609	0.002216	5.5
1034	-0.672390	232.826439	312.185949	0.002256	5.4
1035	-0.690060	232.065300	313.124904	0.002100	5.5
1036	-0.695522	233.065300	311.892446	0.002565	5.5
1037	-0.670165	234.065298	310.669654	0.002139	5.6
1038	-0.693847	235.065298	309.456411	0.002165	5.4
1039	-0.701206	236.065298	308.252606	0.001973	5.5
1040	-0.699626	237.065298	307.058131	0.002103	5.6
1041	-0.678212	238.065062	305.873155	0.002270	5.5
1042	-0.712561	239.065062	304.697014	0.002409	5.5
1043	-0.698104	240.058949	303.536991	0.002104	5.4
1044	-0.683027	241.058949	302.378714	0.002228	5.0
1045	-0.689007	240.304186	303.252118	0.002126	5.1
1046	-0.695931	239.543047	304.138026	0.002191	5.2
1047	-0.692074	238.781908	305.029125	0.002116	5.3
1048	-0.674343	238.020832	305.925385	0.002337	5.5
1049	-0.682584	238.998148	304.775432	0.002096	5.4
1050	-0.670685	238.237008	305.670276	0.002441	5.3
1051	-0.682337	239.226634	304.507831	0.001935	5.5
1052	-0.688587	240.226634	303.342146	0.002264	5.3
1053	-0.694290	241.226549	302.185451	0.001988	5.3
1054	-0.689747	242.226549	301.037446	0.001977	5.5
1055	-0.675068	243.220102	299.905447	0.001999	5.3
1056	-0.675526	242.479451	300.748493	0.002151	5.3
1057	-0.683182	243.478688	299.612224	0.002163	5.4
1058	-0.710983	244.478688	298.483650	0.002446	5.7
1059	-0.698731	245.478688	297.363547	0.002245	5.4
1060	-0.688684	246.478688	296.251819	0.002162	5.5
1061	-0.680354	245.717549	297.097241	0.002311	5.3
1062	-0.699525	244.956410	297.947501	0.002510	5.3
1063	-0.669207	244.956188	297.947750	0.002038	5.6
1064	-0.693256	245.956188	296.831658	0.002427	5.3
1065	-0.682888	245.195326	297.680087	0.002279	5.5
1066	-0.676175	244.450654	298.515172	0.002222	5.4
1067	-0.684996	243.983395	299.041560	0.001790	5.4
1068	-0.689895	243.222257	299.903002	0.002245	5.5
1069	-0.675173	244.222253	298.772245	0.002129	5.6
1070	-0.710457	245.222157	297.650086	0.001942	5.5
1071	-0.711328	244.462054	298.502353	0.002303	5.5
1072	-0.659879	243.701051	299.360534	0.002358	5.5
1073	-0.687715	242.939912	300.223817	0.002469	5.3
1074	-0.690149	243.939912	299.090640	0.002181	5.3
1075	-0.695510	243.178773	299.952365	0.002384	5.7
1076	-0.685052	242.417634	300.819070	0.002034	5.4
1077	-0.713795	243.417634	299.681404	0.002076	5.4
1078	-0.698228	244.391784	298.581390	0.002492	5.6
1079	-0.675891	243.630645	299.440179	0.001855	5.3
1080	-0.692976	244.630645	298.312899	0.002368	5.5
1081	-0.683121	245.630645	297.194074	0.002420	5.5
1082	-0.692774	246.630645	296.083611	0.002137	5.4
1083	-0.691771	245.871965	296.925336	0.002194	5.4
1084	-0.695205	245.110827	297.774610	0.002415	5.3
1085	-0.694200	246.110827	296.659812	0.002239	5.3
1086	-0.711862	245.369401	297.485550	0.002300	5.3
1087	-0.695630	246.369399	296.372914	0.002151	5.6
1088	-0.687639	245.608260	297.219028	0.001891	5.4
1089	-0.708502	246.608260	296.108378	0.001868	5.3
1090	-0.682669	247.608260	295.005998	0.002108	5.5
1091	-0.677816	246.847121	295.844315	0.002441	5.5
1092	-0.687470	247.776852	294.820953	0.002440	5.3
1093	-0.683677	248.776852	293.728121	0.002210	5.4
1094	-0.705935	249.776852	292.643360	0.001976	5.3
1095	-0.678953	250.776852	291.566582	0.002137	5.3
1096	-0.698768	250.403405	291.967774	0.002441	5.8
1097	-0.698841	249.642266	292.788887	0.002260	5.5
1098	-0.699560	250.642233	291.711075	0.002054	5.5
1099	-0.697813	251.642233	290.641134	0.001912	5.7
1100	-0.702802	252.642233	289.579013	0.001936	5.4
1101	-0.699301	251.885124	290.382439	0.002031	5.5
1102	-0.677673	252.885110	289.322220	0.002064	5.7
1103	-0.686489	253.882118	288.272837	0.002174	5.4
1104	-0.689049	253.120979	289.073271	0.002300	5.4
1105	-0.692348	252.359839	289.878162	0.002791	5.1
1106	-0.672047	251.598700	290.687548	0.002076	5.2
1107	-0.700652	250.837561	291.501467	0.002104	5.4
1108	-0.676702	251.837561	290.433060	0.002301	5.3
1109	-0.699483	251.076422	291.245552	0.002016	5.3
1110	-0.697913	252.076422	290.179017	0.002209	5.4
1111	-0.658911	253.076422	289.120265	0.002102	5.5
1112	-0.708283	254.076422	288.069211	0.002314	5.4
1113	-0.689537	255.076422	287.025771	0.002526	5.3
1114	-0.654422	254.315286	287.819281	0.002089	5.5
1115	-0.706599	253.554227	288.617111	0.002099	5.6
1116	-0.676296	254.554227	287.569705	0.002754	5.8
1117	-0.717609	255.554227	286.529874	0.001755	5.5
1118	-0.689463	256.554227	285.497535	0.001932	5.5
1119	-0.696454	255.794532	286.281117	0.001989	5.5
1120	-0.677911	256.777011	285.268559	0.002206	5.5
1121	-0.666697	257.777005	284.245280	0.002430	6.0
1122	-0.688874	257.015866	285.023474	0.002000	5.5
1123	-0.664691	258.015866	284.001943	0.002435	5.0
1124	-0.709225	259.015866	282.987707	0.002145	5.2
1125	-0.702048	260.015866	281.980691	0.002909	5.2
1126	-0.699129	261.015866	280.980815	0.002254	5.4
1127	-0.675894	260.254727	281.741213	0.002118	5.4
1128	-0.712477	261.254687	280.743072	0.002184	5.5
1129	-0.692446	262.228613	279.777693	0.002691	5.3
1130	-0.679540	263.228613	278.793352	0.001941	5.3
1131	-0.680724	263.960402	278.077400	0.002340	6.1
1132	-0.678298	263.199263	278.822144	0.002802	5.2
1133	-0.676881	264.199263	277.844504	0.002257	5.5
1134	-0.699984	263.438124	278.587999	0.002593	5.5
1135	-0.720784	262.676985	279.335484	0.002081	5.5
1136	-0.696804	261.915846	280.086991	0.002364	5.5
1137	-0.667517	262.915754	279.100566	0.002283	5.2
1138	-0.680833	263.915754	278.120977	0.002368	5.5
1139	-0.712108	264.915754	277.148239	0.001992	5.1
1140	-0.702865	265.915751	276.182285	0.002010	5.7
1141	-0.676378	265.154612	276.916899	0.002206	5.6
1142	-0.667007	266.154612	275.952551	0.002610	5.6
1143	-0.692872	265.393473	276.685942	0.002085	5.5
1144	-0.675362	266.324908	275.788996	0.002388	5.4
1145	-0.686131	265.563769	276.521516	0.002072	5.5
1146	-0.740630	264.802630	277.257938	0.002212	5.6
1147	-0.691819	264.193369	277.850246	0.002242	5.5
1148	-0.701642	265.188957	276.883667	0.001995	5.4
1149	-0.701868	264.427818	277.622022	0.002271	6.0
1150	-0.700946	263.666679	278.364325	0.002572	5.0
1151	-0.690145	262.905540	279.110608	0.002578	5.4
1152	-0.691091	262.144401	279.860904	0.002602	5.3
1153	-0.682459	261.383262	280.615244	0.002032	5.4
1154	-0.710829	260.622152	281.373632	0.002182	5.4
1155	-0.673148	261.622150	280.378051	0.001933	5.4
1156	-0.712571	260.861011	281.135186	0.002354	5.3
1157	-0.679030	260.099872	281.896421	0.002160	5.7
1158	-0.698090	261.099872	280.897142	0.002210	5.6
1159	-0.688531	261.961187	280.042110	0.002086	5.4
1160	-0.716197	261.200048	280.797428	0.002301	5.4
1161	-0.701997	262.200048	279.805912	0.002203	5.4
1162	-0.671252	263.200048	278.821374	0.002327	5.5
1163	-0.706730	262.438909	279.570113	0.001894	5.3
1164	-0.683570	263.438909	278.587230	0.002141	5.2
1165	-0.699536	264.339802	277.707657	0.002345	5.4
1166	-0.682860	263.578663	278.450419	0.001905	5.5
1167	-0.673843	264.578663	277.475380	0.001986	5.7
1168	-0.671145	263.817741	278.216685	0.001832	5.4
1169	-0.682916	263.795730	278.238188	0.002117	5.3
1170	-0.699250	264.795730	277.264632	0.002295	5.8
1171	-0.702313	265.795730	276.297865	0.002280	5.3
1172	-0.700133	265.073043	276.995857	0.002590	5.3
1173	-0.683839	264.311904	277.734811	0.002932	5.2
1174	-0.703772	263.550765	278.477718	0.002026	5.4
1175	-0.700169	264.550765	277.502488	0.002041	5.5
1176	-0.709761	263.789627	278.244151	0.002183	5.6
1177	-0.699329	264.094241	277.946856	0.002290	5.5
1178	-0.680746	263.333102	278.690899	0.002115	5.4
1179	-0.712300	264.333102	277.714178	0.002587	5.6
1180	-0.692836	263.571963	278.456975	0.002539	5.7
1181	-0.662948	264.571963	277.481890	0.002294	5.8
1182	-0.687671	263.810824	278.223443	0.002002	5.6
1183	-0.664900	263.049762	278.968894	0.002256	5.5
1184	-0.693734	262.288623	279.718427	0.002306	5.7
1185	-0.709787	263.288622	278.734504	0.002339	5.8
1186	-0.699147	264.160534	277.882240	0.001917	5.8
1187	-0.684304	263.528885	278.499133	0.002470	5.8
1188	-0.699634	264.528885	277.523753	0.002592	5.9
1189	-0.697005	263.767746	278.265530	0.001869	5.8
1190	-0.683576	263.006607	279.011283	0.002258	5.6
1191	-0.697385	262.300732	279.706471	0.002136	5.6
1192	-0.700612	263.300732	278.722631	0.002103	6.1
1193	-0.706224	264.300731	277.745688	0.002161	5.9
1194	-0.689731	263.592837	278.436550	0.002028	5.9
1195	-0.695757	262.843920	279.171200	0.002923	5.9
1196	-0.701314	262.082781	279.921822	0.002214	5.5
1197	-0.676083	263.082781	278.936469	0.002513	5.9
1198	-0.673067	264.082729	277.958080	0.002001	6.1
1199	-0.684543	265.080409	276.988726	0.002359	5.4
1200	-0.685027	264.319270	277.727641	0.001851	5.6
1201	-0.682199	265.089040	276.980369	0.002500	5.8
1202	-0.682791	266.089040	276.015580	0.002424	5.8
1203	-0.691517	267.089040	275.057488	0.002592	5.7
1204	-0.689196	266.327901	275.786123	0.002383	5.8
1205	-0.677679	265.566762	276.518628	0.002085	5.6
1206	-0.679470	266.444833	275.673934	0.002255	5.6
1207	-0.678715	267.444833	274.718209	0.002226	5.8
1208	-0.725587	268.444833	273.769088	0.002144	5.5
1209	-0.682803	267.683694	274.490903	0.002273	5.8
1210	-0.717654	266.922555	275.216535	0.002233	6.0
1211	-0.692015	266.161416	275.946013	0.002375	5.7
1212	-0.670308	266.968065	275.173040	0.002494	5.9
1213	-0.700948	266.206926	275.902287	0.001998	5.9
1214	-0.705650	265.445787	276.635410	0.002032	5.7
1215	-0.689215	264.684648	277.372440	0.002299	5.8
1216	-0.678259	265.684623	276.404947	0.002732	5.7
1217	-0.678452	266.659384	275.468322	0.002095	5.6
1218	-0.674739	267.659384	274.514019	0.001883	5.8
1219	-0.703873	266.898303	275.239719	0.002535	5.7
1220	-0.669683	266.137164	275.969320	0.001915	5.5
1221	-0.680528	265.376025	276.702800	0.002087	5.6
1222	-0.694399	264.614886	277.440189	0.002453	5.7
1223	-0.722031	265.614886	276.472199	0.002050	5.5
1224	-0.687110	264.853747	277.208358	0.002750	5.9
1225	-0.689591	265.853747	276.241983	0.001841	5.8
1226	-0.674375	265.092607	276.976915	0.001827	5.7
1227	-0.716314	264.331478	277.715758	0.001893	5.7
1228	-0.696223	263.570339	278.458563	0.002704	5.5
1229	-0.710622	264.570339	277.483467	0.002213	5.7
1230	-0.674147	264.576698	277.477289	0.002133	5.6
1231	-0.681777	263.815559	278.218817	0.002472	5.5
1232	-0.681082	263.054420	278.964319	0.002222	5.7
1233	-0.698100	264.054420	277.985684	0.002478	5.9
1234	-0.712290	265.054420	277.013891	0.001974	5.7
1235	-0.679728	266.030642	276.071737	0.002393	5.3
1236	-0.710664	266.971922	275.169354	0.002492	5.6
1237	-0.671597	266.569773	275.554162	0.002650	5.7
1238	-0.681547	267.569773	274.599266	0.001996	5.6
1239	-0.668757	266.813843	275.320489	0.002240	5.4
1240	-0.705158	266.052704	276.050519	0.002089	5.7
1241	-0.693094	267.052702	275.092187	0.002038	5.6
1242	-0.707299	266.858595	275.277686	0.002088	5.6
1243	-0.679201	267.849409	274.333426	0.002033	5.3
1244	-0.689040	267.315684	274.841267	0.002753	5.0
1245	-0.686703	266.554545	275.568755	0.002449	5.7
1246	-0.688852	266.874429	275.262545	0.001842	6.2
1247	-0.697994	266.538463	275.584167	0.003431	6.0
1248	-0.686265	267.480135	274.684590	0.002446	6.1
1249	-0.682403	268.480135	273.735701	0.002341	5.7
1250	-0.691976	267.718996	274.457340	0.002183	5.5
1251	-0.698680	266.957857	275.182794	0.002407	6.3
1252	-0.670817	266.196718	275.912094	0.001863	5.7
1253	-0.698404	265.435579	276.645269	0.002136	5.7
1254	-0.696753	264.674440	277.382351	0.001987	6.8
1255	-0.686350	265.674437	276.414767	0.002786	5.4
1256	-0.675716	264.914916	277.149051	0.002118	5.4
1257	-0.715116	265.914916	276.183089	0.001851	6.1
1258	-0.691634	265.211607	276.861755	0.001905	5.9
1259	-0.665930	265.914753	276.183246	0.002384	5.9
1260	-0.696609	265.153614	276.917865	0.002273	6.4
1261	-0.673623	266.153614	275.953511	0.001995	5.6
1262	-0.693899	265.397532	276.682021	0.002473	6.2
1263	-0.679104	264.636393	277.419299	0.002214	6.1
1264	-0.689963	263.875253	278.160517	0.001978	5.5
1265	-0.687053	263.222930	278.798926	0.002317	6.2
1266	-0.685198	262.461791	279.547545	0.002460	6.2
1267	-0.685209	263.461791	278.564820	0.002438	5.9
1268	-0.688968	262.700898	279.311939	0.002079	6.0
1269	-0.710762	263.700898	278.330867	0.002046	6.2
1270	-0.691321	264.700825	277.356735	0.002090	5.8
1271	-0.690850	265.700820	276.389331	0.002590	5.6
1272	-0.697089	264.939681	277.125048	0.002203	7.1
1273	-0.689265	265.939681	276.159252	0.002122	6.0
1274	-0.669283	265.179755	276.892570	0.002362	5.5
1275	-0.674953	266.179755	275.928391	0.002430	6.6
1276	-0.683055	267.177370	274.973180	0.002147	6.2
1277	-0.716140	266.416231	275.701367	0.002170	5.8
1278	-0.684596	265.655092	276.433421	0.002113	6.1
1279	-0.681619	264.893954	277.169372	0.002634	5.9
1280	-0.699645	265.893942	276.203280	0.004685	5.8
1281	-0.678017	266.893942	275.243887	0.001948	6.4
1282	-0.698205	267.893942	274.291137	0.002400	6.6
1283	-0.678507	267.133740	275.014817	0.002359	6.2
1284	-0.689301	266.372601	275.743225	0.001930	7.1
1285	-0.687547	267.372601	274.787021	0.002224	6.4
1286	-0.710154	266.629342	275.497094	0.002086	5.8
1287	-0.686997	265.868203	276.228062	0.002303	6.9
1288	-0.692090	265.108758	276.961280	0.002740	6.8
1289	-0.710281	264.367396	277.680804	0.002605	6.1
1290	-0.696764	265.367396	276.711137	0.002183	6.3
1291	-0.672905	264.606257	277.448571	0.002008	6.9
1292	-0.675873	265.606257	276.480523	0.002031	6.9
1293	-0.676436	266.606257	275.519207	0.002124	7.1
1294	-0.675309	267.529472	274.637622	0.002177	6.8
1295	-0.669593	268.529472	273.689056	0.002034	6.2
1296	-0.689018	269.529472	272.747021	0.002061	7.0
1297	-0.689446	268.768332	273.463450	0.002821	6.7
1298	-0.705089	269.768332	272.522964	0.002571	6.3
1299	-0.670892	270.768332	271.588925	0.002729	7.7
1300	-0.688388	271.768332	270.661267	0.001951	6.3
1301	-0.699318	271.007193	271.366766	0.002730	6.3
1302	-0.678227	271.723353	270.702857	0.002493	6.7
1303	-0.671899	270.962214	271.408573	0.002830	6.3
1304	-0.693849	271.962214	270.482145	0.002532	6.2
1305	-0.676871	271.201075	271.186709	0.002779	7.0
1306	-0.673203	272.201075	270.261792	0.002282	6.0
1307	-0.678634	271.439936	270.965208	0.002355	6.3
1308	-0.698448	272.439936	270.041798	0.002113	6.6
1309	-0.680228	271.678797	270.744067	0.002169	5.5
1310	-0.708419	272.678797	269.822162	0.002305	5.3
1311	-0.688274	273.468463	269.098588	0.002148	6.0
1312	-0.696157	274.468463	268.187836	0.002336	5.9
1313	-0.673506	275.468463	267.283228	0.001874	5.4
1314	-0.679301	276.468463	266.384701	0.002056	5.1
1315	-0.710921	277.468463	265.492196	0.002576	5.2
1316	-0.676850	278.468463	264.605651	0.001991	5.4
1317	-0.676938	279.468463	263.725008	0.002227	5.3
1318	-0.698126	280.116067	263.157820	0.002944	5.2
1319	-0.693806	279.379367	263.803232	0.001878	4.8
1320	-0.660158	280.379367	262.927912	0.002313	5.2
1321	-0.698079	280.956040	262.425775	0.003694	5.7
1322	-0.683949	281.956040	261.559558	0.002306	5.5
1323	-0.692808	282.956040	260.699040	0.002714	5.6
1324	-0.684687	283.956040	259.844166	0.001992	5.6
1325	-0.678537	284.956040	258.994880	0.001837	5.4
1326	-0.684926	284.194910	259.640791	0.002332	5.5
1327	-0.718668	283.433771	260.289939	0.002070	5.6
1328	-0.677400	282.672632	260.942342	0.002193	5.6
1329	-0.690747	282.458918	261.126113	0.002251	5.8
1330	-0.689391	283.458918	260.268440	0.003027	5.7
1331	-0.709607	284.444334	259.428770	0.002115	5.7
1332	-0.702480	283.683195	260.076857	0.002468	5.4
1333	-0.680688	284.683195	259.226052	0.002256	5.5
1334	-0.699537	283.922992	259.872328	0.002457	5.4
1335	-0.686262	284.922992	259.022859	0.002104	5.8
1336	-0.713175	284.337682	259.519386	0.002147	5.7
1337	-0.681185	283.577555	260.167062	0.002170	5.4
1338	-0.693842	284.577555	259.315668	0.002082	5.7
1339	-0.665196	285.577279	258.470061	0.001915	5.9
1340	-0.706176	286.577279	257.629719	0.002004	5.8
1341	-0.696253	287.577279	256.794823	0.002845	5.4
1342	-0.683332	288.575520	255.966776	0.001790	5.6
1343	-0.708129	289.575520	255.142607	0.002255	5.6
1344	-0.677083	289.350406	255.327676	0.002362	5.6
1345	-0.669529	290.350406	254.507611	0.001791	5.5
1346	-0.684444	289.589267	255.131314	0.001724	5.5
1347	-0.673025	290.583776	254.316989	0.002409	5.2
1348	-0.704948	291.581596	253.505161	0.002247	5.7
1349	-0.701370	290.820457	254.123955	0.002147	5.7
1350	-0.699030	291.820457	253.311591	0.002492	5.8
1351	-0.669802	291.059318	253.929440	0.001965	5.5
1352	-0.661516	290.298179	254.550309	0.001884	5.6
1353	-0.692744	289.537040	255.174223	0.002257	5.4
1354	-0.694447	290.536663	254.355449	0.002320	5.4
1355	-0.700921	291.536663	253.541608	0.002099	5.5
1356	-0.693048	290.777575	254.158908	0.002335	5.5
1357	-0.680383	290.016499	254.780849	0.002533	5.6
1358	-0.705839	289.255360	255.405895	0.003213	5.5
1359	-0.712421	288.494221	256.034014	0.002473	5.4
1360	-0.677974	287.733082	256.665231	0.002341	5.7
1361	-0.686338	288.733082	255.836565	0.002274	5.6
1362	-0.667031	289.216719	255.437708	0.002536	5.4
1363	-0.690039	288.458518	256.063553	0.002911	5.5
1364	-0.686926	289.458518	255.238762	0.002634	5.6
1365	-0.682614	288.697379	255.866059	0.001892	5.5
1366	-0.701229	289.697379	255.042537	0.001852	5.6
1367	-0.688533	290.695075	254.226179	0.002525	5.6
1368	-0.704552	291.695070	253.413166	0.002067	5.5
1369	-0.680341	290.951659	254.017074	0.002185	5.5
1370	-0.655519	290.190520	254.638373	0.002106	5.4
1371	-0.700250	289.429381	255.262719	0.002205	5.3
1372	-0.688980	288.668242	255.890133	0.002127	5.0
1373	-0.684510	289.668242	255.066457	0.001980	4.9
1374	-0.699255	290.668242	254.248066	0.002294	5.2
1375	-0.716293	291.668242	253.434910	0.002128	5.4
1376	-0.677766	292.668011	252.627125	0.001971	5.4
1377	-0.684571	291.906872	253.241635	0.002169	5.7
1378	-0.694971	292.906872	252.434893	0.002094	5.4
1379	-0.681592	293.906872	251.633276	0.002391	5.7
1380	-0.686362	294.906872	250.836733	0.002182	5.7
1381	-0.710017	295.906872	250.045218	0.002431	5.7
1382	-0.677908	295.145733	250.647216	0.002183	5.6
1383	-0.692348	294.384745	251.252000	0.002094	5.7
1384	-0.674567	293.623606	251.859830	0.001881	5.7
1385	-0.728136	292.862467	252.470608	0.002049	5.6
1386	-0.676081	293.857908	251.672408	0.001883	5.8
1387	-0.690143	294.857908	250.875618	0.002079	5.8
1388	-0.690000	294.096769	251.481626	0.002246	5.9
1389	-0.692563	295.096763	250.686046	0.002001	5.7
1390	-0.686149	294.335624	251.291138	0.002043	5.6
1391	-0.682387	295.335624	250.496757	0.002277	5.5
1392	-0.678463	296.335624	249.707382	0.002103	5.7
1393	-0.705889	295.574486	250.307752	0.002065	5.8
1394	-0.691381	295.118882	250.668506	0.002667	5.7
1395	-0.692470	294.357743	251.273513	0.002003	5.7
1396	-0.707648	295.357743	250.479242	0.002037	5.4
1397	-0.690714	294.596604	251.083335	0.001861	4.9
1398	-0.682471	295.596604	250.290265	0.002130	5.3
1399	-0.699217	294.835465	250.893445	0.002051	5.3
1400	-0.694503	295.835463	250.101574	0.001856	5.3
1401	-0.677521	295.075201	250.703148	0.002127	5.3
1402	-0.693267	294.314062	251.308322	0.002415	5.4
1403	-0.672028	293.552926	251.916422	0.001650	5.4
1404	-0.698923	292.796798	252.523443	0.002235	5.5
1405	-0.715677	292.035659	253.137448	0.002442	6.1
1406	-0.685384	293.035659	252.331369	0.002039	5.3
1407	-0.669109	294.035659	251.530408	0.001988	5.6
1408	-0.698145	295.035659	250.734515	0.002325	5.6
1409	-0.665091	294.274672	251.339720	0.002831	5.5
1410	-0.687779	295.274672	250.545032	0.001917	5.7
1411	-0.690373	296.232212	249.788782	0.002489	5.4
1412	-0.679037	297.230968	249.004829	0.002101	5.4
1413	-0.723618	296.469829	249.601822	0.002263	5.5
1414	-0.676329	297.469829	248.818069	0.002304	6.4
1415	-0.686611	296.708690	249.414166	0.002042	5.5
1416	-0.693834	295.947551	250.013126	0.002053	5.9
1417	-0.707348	296.947551	249.226791	0.002447	5.5
1418	-0.669582	297.947551	248.445387	0.002019	5.5
1419	-0.669152	298.947551	247.668868	0.002625	5.5
1420	-0.684551	299.947551	246.897188	0.002886	5.4
1421	-0.662898	300.947551	246.130302	0.002226	5.5
1422	-0.703140	301.842427	245.448062	0.002060	5.6
1423	-0.691795	301.081288	246.028102	0.002097	6.0
1424	-0.713702	302.081288	245.266597	0.002083	5.9
1425	-0.703270	301.320149	245.845778	0.002045	5.4
1426	-0.684156	300.559009	246.427702	0.002353	5.6
1427	-0.690557	299.797870	247.012387	0.002011	5.5
1428	-0.702710	300.797870	246.244786	0.002248	5.8
1429	-0.700435	300.037624	246.827916	0.002149	5.6
1430	-0.675138	299.276485	247.414504	0.002298	5.4
1431	-0.689474	300.276483	246.644408	0.001792	5.4
1432	-0.696552	301.276483	245.879088	0.002669	5.7
1433	-0.663700	302.275137	245.119525	0.002074	5.6
1434	-0.692045	301.513998	245.698011	0.002282	5.5
1435	-0.682145	300.753024	246.279108	0.002169	6.1
1436	-0.702140	301.753024	245.516051	0.002417	6.2
1437	-0.694511	300.991885	246.096413	0.002184	6.3
1438	-0.705339	301.991885	245.334485	0.001919	5.7
1439	-0.689616	302.781230	244.736385	0.002432	5.5
1440	-0.683815	302.020099	245.313057	0.002901	5.9
1441	-0.685235	303.020099	244.555965	0.002088	5.7
1442	-0.687412	302.258960	245.131791	0.002180	5.6
1443	-0.712809	303.215364	244.408676	0.002629	5.6
1444	-0.679370	304.215364	243.657147	0.002081	5.5
1445	-0.702110	305.215364	242.910226	0.003083	5.9
1446	-0.668789	304.454225	243.478320	0.002083	6.4
1447	-0.680675	305.454225	242.732493	0.002193	6.1
1448	-0.707450	304.693086	243.299755	0.002229	5.4
1449	-0.702017	303.971504	243.839989	0.002602	5.1
1450	-0.691743	303.210365	244.412444	0.002546	5.2
1451	-0.685548	304.210365	243.660893	0.001762	5.1
1452	-0.699687	305.208918	242.915026	0.002459	5.4
1453	-0.706486	306.208914	242.172644	0.002281	5.4
1454	-0.689159	307.208914	241.434783	0.002658	5.4
1455	-0.709188	308.208914	240.701404	0.002262	5.4
1456	-0.708124	307.447774	241.259202	0.002478	5.5
1457	-0.698733	308.447774	240.526888	0.001993	5.5
1458	-0.676258	307.686635	241.083875	0.002091	5.3
1459	-0.686929	306.925496	241.643449	0.002371	5.3
1460	-0.687004	307.925496	240.908804	0.001910	5.4
1461	-0.684755	307.164357	241.467564	0.001870	5.5
1462	-0.708829	308.164170	240.734123	0.002346	5.4
1463	-0.687279	309.164170	240.004989	0.002195	5.4
1464	-0.682732	310.164170	239.280258	0.002147	5.4
1465	-0.670320	311.164170	238.559890	0.002430	5.3
1466	-0.683208	310.403030	239.107795	0.001970	5.5
1467	-0.684321	309.641894	239.658220	0.002262	5.3
1468	-0.687110	310.639263	238.937474	0.002290	5.3
1469	-0.702495	309.888817	239.479377	0.002048	5.4
1470	-0.665508	309.127678	240.031519	0.001980	5.5
1471	-0.706370	310.127677	239.306628	0.001636	5.4
1472	-0.681964	309.366538	239.857972	0.001945	5.4
1473	-0.701638	310.366537	239.134128	0.002041	5.4
1474	-0.698917	309.605413	239.684665	0.002109	5.6
1475	-0.689255	308.844274	240.237755	0.002351	5.8
1476	-0.693795	308.083135	240.793403	0.002089	5.6
1477	-0.687444	309.083125	240.063917	0.002272	5.5
1478	-0.691070	310.083125	239.338830	0.002196	5.6
1479	-0.679209	309.321986	239.890323	0.002297	5.3
1480	-0.684404	308.560847	240.444363	0.002233	5.7
1481	-0.707766	307.799708	241.000968	0.002059	6.8
1482	-0.658828	307.038569	241.560156	0.002083	6.1
1483	-0.713325	308.038569	240.826017	0.002167	5.4
1484	-0.693749	307.277429	241.384392	0.002175	5.2
1485	-0.704013	308.277121	240.651545	0.002485	5.6
1486	-0.680840	309.277121	239.922910	0.003128	5.5
1487	-0.698270	310.277121	239.198674	0.002231	5.5
1488	-0.699994	311.277121	238.478797	0.001929	5.5
1489	-0.692057	310.515981	239.026328	0.002120	5.9
1490	-0.693248	311.507207	238.313776	0.002655	5.6
1491	-0.666875	310.746068	238.860549	0.002064	5.5
1492	-0.713074	311.746068	238.142703	0.002050	5.5
1493	-0.688109	310.984929	238.688690	0.002307	5.6
1494	-0.662695	310.223790	239.237187	0.002276	5.7
1495	-0.684062	309.462651	239.788211	0.002278	5.6
1496	-0.682238	308.701512	240.341779	0.002157	5.1
1497	-0.680860	309.600963	239.687892	0.002311	5.3
1498	-0.707520	310.600963	238.965071	0.002322	5.4
1499	-0.664107	309.840015	239.514703	0.002568	5.6
1500	-0.667769	309.470321	239.782646	0.002013	5.6
1501	-0.685771	310.470321	239.059255	0.002013	5.5
1502	-0.707047	311.470321	238.340215	0.002558	5.8
1503	-0.681667	312.460721	237.632329	0.002161	5.8
1504	-0.678593	313.460721	236.921835	0.002119	5.5
1505	-0.710856	312.699583	237.462232	0.002806	5.3
1506	-0.687924	311.938444	238.005101	0.002184	5.4
1507	-0.691654	312.938444	237.292379	0.002566	5.4
1508	-0.681848	312.177305	237.834471	0.001714	6.0
1509	-0.663258	311.416165	238.379044	0.002150	5.2
1510	-0.707449	310.861936	238.777151	0.002346	5.5
1511	-0.655764	310.100851	239.326017	0.002079	5.2
1512	-0.689817	309.339712	239.877450	0.001879	5.5
1513	-0.690466	310.294531	239.186103	0.002679	5.5
1514	-0.687267	311.294531	238.466302	0.001989	5.7
1515	-0.704335	312.294531	237.750820	0.002067	5.6
1516	-0.668718	313.294524	237.039623	0.002198	5.7
1517	-0.705836	312.576778	237.549653	0.002429	5.1
1518	-0.694293	311.815639	238.092922	0.002999	5.5
1519	-0.706663	312.815639	237.379675	0.002158	5.5
1520	-0.679935	313.815639	236.670689	0.002094	5.5
1521	-0.674665	313.074054	237.196055	0.002213	5.5
1522	-0.681192	314.074054	236.488164	0.002110	5.6
1523	-0.706699	313.312924	237.026577	0.002136	5.4
1524	-0.687900	312.551790	237.567449	0.002251	5.4
1525	-0.682753	313.525647	236.875852	0.001839	5.7
1526	-0.680340	314.525647	236.169868	0.002884	5.5
1527	-0.714877	315.525647	235.468079	0.002327	5.5
1528	-0.710233	314.764508	236.001858	0.002380	5.8
1529	-0.657777	315.764508	235.301066	0.001968	5.6
1530	-0.704020	315.003369	235.834087	0.002242	5.7
1531	-0.680923	316.003369	235.134290	0.002138	5.7
1532	-0.702896	315.242230	235.666555	0.003665	5.4
1533	-0.681266	314.481091	236.201234	0.001859	5.7
1534	-0.711397	313.719954	236.738345	0.002100	5.4
1535	-0.697405	314.037520	236.513952	0.001951	5.4
1536	-0.697414	315.036860	235.810583	0.002721	5.9
1537	-0.699177	314.275721	236.345917	0.001915	5.4
1538	-0.693705	315.275721	235.643084	0.002102	5.3
1539	-0.691456	314.514582	236.177657	0.001979	5.7
1540	-0.674955	313.753666	236.714503	0.002461	5.4
1541	-0.686031	314.753666	236.009479	0.002225	5.8
1542	-0.693577	315.753666	235.308642	0.002184	5.6
1543	-0.711186	314.992527	235.841697	0.003043	5.4
1544	-0.670715	315.992527	235.141855	0.001882	5.5
1545	-0.699261	315.231388	235.674154	0.002086	5.6
1546	-0.693470	316.231388	234.975304	0.002230	5.7
1547	-0.685990	315.470249	235.506848	0.002298	5.6
1548	-0.707221	314.709110	236.040803	0.002105	5.8
1549	-0.695735	313.947971	236.577184	0.002640	5.5
1550	-0.678644	313.186832	237.116009	0.002236	5.5
1551	-0.681598	314.186761	236.408644	0.004114	5.4
1552	-0.666443	315.186761	235.705438	0.002051	5.7
1553	-0.688699	314.425622	236.240295	0.002179	5.5
1554	-0.685608	313.667065	236.775757	0.001999	6.1
1555	-0.665010	314.667055	236.070376	0.002406	5.6
1556	-0.694295	313.905916	236.606892	0.002902	5.4
1557	-0.683461	313.144777	237.145852	0.002714	5.7
1558	-0.692080	314.144777	236.438260	0.002317	5.4
1559	-0.677018	313.383698	236.976409	0.001898	5.5
1560	-0.680587	314.383698	236.269826	0.002165	5.5
1561	-0.692858	313.622559	236.807250	0.002265	5.5
1562	-0.688595	312.861420	237.347124	0.002627	5.4
1563	-0.667045	313.854807	236.643006	0.002170	6.0
1564	-0.679274	313.093667	237.182130	0.002262	5.6
1565	-0.699448	314.093667	236.474323	0.002230	5.6
1566	-0.685578	313.332528	237.012678	0.002302	5.4
1567	-0.711764	312.571389	237.553491	0.002501	5.4
1568	-0.698521	311.810250	238.096777	0.002229	5.5
1569	-0.668880	312.810250	237.383507	0.002162	5.5
1570	-0.705121	313.810195	236.674537	0.002341	5.4
1571	-0.699767	313.049056	237.213805	0.002374	5.6
1572	-0.687034	312.288071	237.755428	0.001799	5.8
1573	-0.712968	311.527520	238.299218	0.002169	5.5
1574	-0.714036	310.766381	238.845924	0.002303	5.8
1575	-0.702181	310.005241	239.395145	0.002203	5.4
1576	-0.665472	309.244196	239.946830	0.001965	5.2
1577	-0.670098	310.244196	239.222449	0.001951	5.5
1578	-0.705465	311.244196	238.502429	0.002103	5.5
1579	-0.698795	311.418195	238.377589	0.002141	5.6
1580	-0.675524	312.418195	237.662638	0.002400	5.4
1581	-0.702197	313.418195	236.951963	0.002222	5.3
1582	-0.713527	312.657056	237.492499	0.002151	5.8
1583	-0.701409	313.644307	236.791860	0.002113	5.2
1584	-0.682515	312.883322	237.331555	0.001979	5.0
1585	-0.668080	313.882497	236.623438	0.002289	5.1
1586	-0.702343	313.121770	237.162181	0.002256	5.3
1587	-0.705259	314.121770	236.454492	0.002239	5.3
1588	-0.658381	315.113040	235.757136	0.002353	5.4
1589	-0.697821	314.351901	236.292228	0.002429	5.5
1590	-0.719951	315.351901	235.589713	0.002163	5.6
1591	-0.699026	316.351901	234.891363	0.002545	5.8
1592	-0.670958	317.351901	234.197141	0.002172	5.8
1593	-0.682107	316.947469	234.477412	0.002216	5.2
1594	-0.681450	316.264996	234.951889	0.001764	5.5
1595	-0.710173	317.264996	234.257309	0.002041	5.3
1596	-0.674059	316.503860	234.785605	0.002110	5.4
1597	-0.684818	317.503860	234.092007	0.002123	5.4
1598	-0.691726	317.441809	234.134926	0.002340	5.4
1599	-0.682012	318.441809	233.445161	0.002807	5.3
1600	-0.697557	317.680670	233.969798	0.001899	5.2
1601	-0.703193	316.919531	234.496798	0.002075	5.7
1602	-0.688203	317.918877	233.805354	0.001950	5.7
1603	-0.709889	317.157738	234.331612	0.002182	5.9
1604	-0.694780	316.397673	234.859497	0.002740	6.2
1605	-0.685600	315.636534	235.390517	0.001998	5.5
1606	-0.704114	316.636534	234.693346	0.002105	5.3
1607	-0.691518	317.636534	234.000292	0.002060	5.4
1608	-0.698117	318.636534	233.311319	0.002247	5.3
1609	-0.712618	317.875415	233.835340	0.002355	5.5
1610	-0.690293	317.356531	234.193936	0.002161	5.8
1611	-0.709795	318.356531	233.503824	0.002877	5.8
1612	-0.704833	319.356531	232.817768	0.002090	5.5
1613	-0.692560	320.356531	232.135731	0.002510	5.7
1614	-0.687775	321.356531	231.457678	0.002239	5.5
1615	-0.686817	322.356531	230.783575	0.002370	5.5
1616	-0.679593	323.356531	230.113387	0.003202	5.8
1617	-0.676305	322.595392	230.623139	0.002087	5.4
1618	-0.689174	323.192898	230.222786	0.002619	5.4
1619	-0.689233	324.192898	229.555846	0.002334	6.1
1620	-0.686772	325.192868	228.892780	0.002178	5.5
1621	-0.691759	326.192868	228.233513	0.002649	5.5
1622	-0.685161	327.192865	227.578035	0.002079	6.3
1623	-0.699342	328.192794	226.926354	0.002264	7.3
1624	-0.687871	329.192794	226.278350	0.002564	5.6
1625	-0.713965	330.192783	225.634044	0.002496	5.8
1626	-0.685239	331.192782	224.993390	0.002203	5.7
1627	-0.693200	332.192782	224.356363	0.002833	5.5
1628	-0.697684	333.192782	223.722932	0.002538	5.7
1629	-0.689234	334.192782	223.093069	0.002170	5.5
1630	-0.678071	333.771416	223.358039	0.002486	5.6
1631	-0.711832	334.771415	222.730226	0.002139	6.2
1632	-0.685101	334.010276	223.207758	0.002222	5.5
1633	-0.699238	333.249137	223.687342	0.001843	5.5
1634	-0.702410	332.489403	224.168100	0.002301	5.7
1635	-0.709014	331.728330	224.651782	0.001784	7.0
1636	-0.667370	330.967191	225.137598	0.001935	7.6
1637	-0.692094	331.967191	224.499755	0.002128	10.3
1638	-0.690563	331.206052	224.984913	0.002286	7.3
1639	-0.683441	330.447329	225.470622	0.002096	7.3
1640	-0.706141	331.447328	224.830894	0.002224	7.9
1641	-0.674952	330.686193	225.317483	0.002105	7.1
1642	-0.712301	329.929464	225.803348	0.003097	6.9
1643	-0.698477	330.929464	225.161733	0.002842	7.1
1644	-0.685956	330.168365	225.649733	0.002289	7.4
1645	-0.685973	331.168365	225.008989	0.001772	6.8
1646	-0.687210	330.407227	225.496352	0.001949	6.7
1647	-0.698501	331.396711	224.863188	0.002548	7.5
1648	-0.705012	330.635572	225.349920	0.002071	6.2
1649	-0.675918	330.149037	225.662153	0.002662	7.8
1650	-0.671181	329.387898	226.152354	0.001994	6.3
1651	-0.703031	329.207323	226.268963	0.001972	6.4
1652	-0.688405	330.201440	225.628482	0.001964	5.9
1653	-0.685682	331.199277	224.989241	0.002794	5.8
1654	-0.700038	332.199240	224.352260	0.002142	6.0
1655	-0.698201	333.199240	223.718853	0.002096	6.8
1656	-0.689905	332.438101	224.200638	0.002363	6.0
1657	-0.689844	333.438101	223.568086	0.002941	6.0
1658	-0.690284	332.676962	224.049221	0.002580	6.6
1659	-0.686780	331.916496	224.532003	0.002572	6.3
1660	-0.665148	331.155357	225.017300	0.002477	5.6
1661	-0.693031	330.394464	225.504542	0.002074	7.7
1662	-0.695010	331.394464	224.864621	0.002328	6.0
1663	-0.674429	330.633325	225.351359	0.001921	7.0
1664	-0.693051	329.872733	225.839857	0.002158	6.2
1665	-0.699391	330.872720	225.198043	0.002556	6.1
1666	-0.706721	330.139981	225.667973	0.002042	6.8
1667	-0.685774	330.257205	225.592662	0.002692	6.2
1668	-0.686306	329.496504	226.082277	0.001950	5.9
1669	-0.686379	328.735365	226.574307	0.002179	6.5
1670	-0.686483	329.735365	225.928309	0.002072	6.0
1671	-0.667032	330.735365	225.285984	0.002805	6.2
1672	-0.666816	329.974226	225.774550	0.002485	5.9
1673	-0.692203	330.974226	225.133098	0.002003	5.8
1674	-0.683000	330.213087	225.621000	0.002098	5.8
1675	-0.711320	329.454866	226.109138	0.002134	6.4
1676	-0.692929	328.693727	226.601285	0.002536	6.1
1677	-0.686013	328.475124	226.743028	0.002115	6.0
1678	-0.678944	329.474740	226.096317	0.002222	5.7
1679	-0.711285	328.713601	226.588407	0.002131	5.7
1680	-0.685243	327.952462	227.082644	0.002187	5.7
1681	-0.669338	328.952462	226.433749	0.002058	5.8
1682	-0.700507	329.952462	225.788551	0.002146	5.9
1683	-0.679429	330.952429	225.147041	0.001857	5.8
1684	-0.699005	330.191290	225.635003	0.002400	5.8
1685	-0.675413	331.191290	224.994343	0.002168	5.7
1686	-0.692200	330.430159	225.481638	0.001968	5.9
1687	-0.690714	329.669020	225.971053	0.002023	6.1
1688	-0.674474	330.639659	225.347301	0.002718	5.9
1689	-0.687156	329.878520	225.836132	0.003106	5.6
1690	-0.663938	330.878520	225.194331	0.002480	5.8
1691	-0.683336	330.117380	225.682499	0.002323	5.8
1692	-0.702053	331.117380	225.041569	0.002325	5.6
1693	-0.687187	330.442303	225.473846	0.002034	5.7
1694	-0.704127	329.681165	225.963227	0.002318	5.8
1695	-0.705342	330.681165	225.320704	0.002110	5.7
1696	-0.699529	330.058200	225.720544	0.002049	6.0
1697	-0.712144	331.058200	225.079398	0.001963	5.1
1698	-0.715655	332.058197	224.441887	0.002312	4.9
1699	-0.736499	333.058197	223.807974	0.002483	4.9
1700	-0.708371	332.297058	224.290144	0.002650	5.2
1701	-0.678902	331.535919	224.774395	0.003306	5.2
1702	-0.717454	332.535919	224.138606	0.002174	5.8
1703	-0.696580	333.535919	223.506403	0.001912	5.5
1704	-0.690685	332.774921	223.987182	0.001991	5.5
1705	-0.693143	332.013793	224.470118	0.002088	5.6
1706	-0.661114	333.013793	223.836047	0.001911	6.0
1707	-0.694639	334.013793	223.205547	0.002150	5.7
1708	-0.704390	335.013793	222.578589	0.002308	6.5
1709	-0.693379	334.291894	223.030835	0.002118	7.3
1710	-0.712447	333.530755	223.509658	0.001913	7.8
1711	-0.730060	332.769616	223.990541	0.002539	6.2
1712	-0.683758	332.025580	224.462623	0.002029	5.7
1713	-0.675426	333.007994	223.839713	0.002138	6.8
1714	-0.708437	334.007994	223.209193	0.002460	6.3
1715	-0.677383	335.007994	222.582215	0.002283	6.6
1716	-0.683411	335.967646	221.983837	0.001827	6.1
1717	-0.677978	336.937038	221.382644	0.002031	6.4
1718	-0.697974	336.175964	221.854368	0.002229	7.0
1719	-0.714446	337.175964	221.234968	0.002183	5.9
1720	-0.706836	336.423485	221.700731	0.002696	6.0
1721	-0.696760	335.662346	222.173853	0.002337	7.0
1722	-0.696846	334.901207	222.649000	0.002007	6.3
1723	-0.685451	334.140309	223.126032	0.002136	5.9
1724	-0.685400	335.125322	222.508884	0.001851	6.7
1725	-0.707575	334.364242	222.985429	0.002509	5.9
1726	-0.697379	335.364242	222.359705	0.002214	6.2
1727	-0.684501	334.603103	222.835648	0.002043	6.8
1728	-0.695015	335.587027	222.220781	0.001878	6.2
1729	-0.716576	335.687502	222.158185	0.002022	5.8
1730	-0.683589	334.930616	222.630603	0.002424	6.7
1731	-0.698975	334.169477	223.107708	0.002331	6.0
1732	-0.700489	333.410905	223.585242	0.002255	6.2
1733	-0.731082	334.410905	222.956152	0.002091	6.3
1734	-0.695120	333.649766	223.434655	0.001981	5.8
1735	-0.689177	332.888638	223.915208	0.002217	6.3
1736	-0.688812	332.127498	224.397840	0.002369	6.9
1737	-0.697094	333.127498	223.764176	0.002040	7.3
1738	-0.664155	332.366359	224.246156	0.001748	6.2
1739	-0.680057	333.366359	223.613347	0.002014	6.6
1740	-0.690941	334.366358	222.984101	0.001984	6.0
1741	-0.692482	335.366358	222.358385	0.002108	7.2
1742	-0.690453	334.852488	222.679483	0.001971	6.8
1743	-0.683113	335.852487	222.055473	0.002015	5.7
1744	-0.703940	335.091348	222.530113	0.002203	6.0
1745	-0.673470	336.091348	221.906939	0.001975	6.4
1746	-0.677918	335.330209	222.380943	0.002532	6.2
1747	-0.715199	336.330209	221.758603	0.002125	6.5
1748	-0.704886	337.330209	221.139736	0.002045	6.5
1749	-0.702252	338.330209	220.524314	0.002309	6.1
1750	-0.688996	339.318386	219.919524	0.001892	6.1
1751	-0.695135	338.557247	220.385067	0.002161	7.2
1752	-0.681698	339.361105	219.893453	0.002276	7.0
1753	-0.718346	340.361105	219.284939	0.002134	6.2
1754	-0.702670	339.599966	219.747796	0.001950	6.6
1755	-0.704683	338.859141	220.200181	0.002128	5.7
1756	-0.711082	339.859141	219.589970	0.002135	7.2
1757	-0.676990	339.098818	220.053618	0.002005	5.8
1758	-0.713608	340.098818	219.444218	0.002872	6.0
1759	-0.695653	341.098818	218.838184	0.002372	6.7
1760	-0.699942	340.337679	219.299156	0.002284	5.9
1761	-0.696495	341.337679	218.693921	0.002635	6.2
1762	-0.687957	342.337678	218.092019	0.002409	7.2
1763	-0.691240	341.576539	218.549849	0.001942	6.1
1764	-0.669181	340.815410	219.009599	0.002703	5.7
1765	-0.682208	340.054271	219.471294	0.001843	6.3
1766	-0.688797	341.054271	218.865110	0.001976	7.2
1767	-0.693320	340.293165	219.326175	0.001976	5.6
1768	-0.701087	339.532026	219.789206	0.002291	6.3
1769	-0.697502	340.531996	219.181286	0.002157	5.9
1770	-0.675796	339.770857	219.643705	0.002263	7.0
1771	-0.694338	340.770857	219.036570	0.002134	6.3
1772	-0.697914	340.009718	219.498379	0.002075	5.7
1773	-0.696199	341.009718	218.892046	0.001946	5.7
1774	-0.684888	342.009718	218.289054	0.002462	5.6
1775	-0.679274	341.248579	218.747712	0.001936	6.6
1776	-0.695690	342.248579	218.145514	0.002157	5.9
1777	-0.706165	343.248579	217.546622	0.002309	5.8
1778	-0.711243	342.487440	218.002162	0.001920	5.7
1779	-0.706387	343.476955	217.410310	0.002275	5.9
1780	-0.678839	342.715815	217.865280	0.002258	5.7
1781	-0.691632	341.955451	218.321691	0.002335	5.6
1782	-0.678080	342.955451	217.721833	0.001975	5.7
1783	-0.675589	342.194312	218.178108	0.002387	5.9
1784	-0.681140	343.180367	217.587369	0.002249	5.6
1785	-0.672701	344.180367	216.991534	0.002361	5.6
1786	-0.700803	343.419228	217.444750	0.002208	5.7
1787	-0.690169	344.419228	216.849694	0.002115	6.1
1788	-0.664699	343.658089	217.302318	0.001806	5.7
1789	-0.700026	344.639208	216.719231	0.002507	5.6
1790	-0.690901	343.878069	217.171309	0.002594	5.7
1791	-0.696865	344.878069	216.577747	0.002138	6.0
1792	-0.687779	345.878069	215.987421	0.002863	6.0
1793	-0.684003	345.116930	216.436448	0.002469	6.0
1794	-0.687966	346.116930	215.846891	0.002188	6.0
1795	-0.710598	345.355791	216.295333	0.002277	6.0
1796	-0.712130	346.328302	215.722686	0.002254	5.8
1797	-0.720230	347.328302	215.137005	0.002187	5.9
1798	-0.684599	348.319805	214.559433	0.002313	5.7
1799	-0.694068	347.678771	214.932494	0.003346	5.9
1800	-0.725451	348.678771	214.351091	0.002208	5.9
1801	-0.698680	348.534345	214.434866	0.002363	5.7
1802	-0.712273	349.534345	213.856149	0.002503	5.7
1803	-0.686077	348.773205	214.296349	0.001973	5.7
1804	-0.675016	348.012066	214.738365	0.002258	5.7
1805	-0.711939	347.250927	215.182209	0.002541	6.1
1806	-0.680932	348.250927	214.599455	0.002192	6.2
1807	-0.694868	349.250927	214.019850	0.002112	6.1
1808	-0.711907	350.250927	213.443367	0.001951	6.2
1809	-0.690914	349.489788	213.881868	0.002286	8.7
1810	-0.684056	348.730076	214.321347	0.001939	6.1
1811	-0.711689	349.730044	213.743259	0.002556	6.7
1812	-0.714778	350.730044	213.168263	0.002235	7.8
1813	-0.697950	351.730044	212.596353	0.001975	7.0
1814	-0.697878	350.968929	213.031363	0.002096	6.7
1815	-0.694746	351.968875	212.460216	0.002211	6.9
1816	-0.697053	352.968875	211.892093	0.002057	7.5
1817	-0.709236	352.294198	212.275059	0.002319	6.4
1818	-0.687796	353.292948	211.708632	0.002358	6.6
1819	-0.665567	353.536014	211.571237	0.002395	7.9
1820	-0.697046	354.536014	211.007853	0.002298	7.1
1821	-0.701537	353.774876	211.436393	0.002468	6.7
1822	-0.717393	354.708265	210.911112	0.002049	7.1
1823	-0.709112	355.700774	210.355415	0.002478	6.6
1824	-0.672816	354.939635	210.781307	0.001901	7.2
1825	-0.688870	354.178496	211.208928	0.001933	6.7
1826	-0.715524	353.417463	211.638227	0.002186	6.6
1827	-0.714424	352.656324	212.069334	0.002609	6.8
1828	-0.675345	351.895185	212.502202	0.002575	6.4
1829	-0.713132	351.134045	212.936840	0.002075	7.2
1830	-0.673314	350.372906	213.373260	0.001912	6.1
1831	-0.677202	349.611768	213.811472	0.002115	6.0
1832	-0.668870	350.611734	213.236129	0.002177	6.1
1833	-0.671361	349.850595	213.673778	0.002484	6.0
1834	-0.657677	350.850595	213.099156	0.002351	5.7
1835	-0.690813	351.850595	212.527615	0.002104	5.6
1836	-0.692944	352.850595	211.959133	0.002351	5.7
1837	-0.687230	352.649564	212.073171	0.001807	5.4
1838	-0.687180	353.070444	211.834560	0.002463	6.2
1839	-0.708122	352.309305	212.266469	0.002209	8.2
1840	-0.710547	351.553887	212.696876	0.002290	6.1
1841	-0.662960	350.792748	213.132312	0.001944	8.7
1842	-0.695459	350.031613	213.569531	0.002191	6.5
1843	-0.696996	351.031613	212.995469	0.002226	6.3
1844	-0.719642	352.031613	212.424484	0.002064	7.4
1845	-0.699136	351.270474	212.858804	0.002102	6.8
1846	-0.710727	352.270473	212.288551	0.002079	7.3
1847	-0.683301	353.266836	211.723402	0.002129	6.5
1848	-0.686108	354.266836	211.159208	0.002057	6.1
1849	-0.701109	353.505697	211.588364	0.001792	6.8
1850	-0.702544	352.744602	212.019244	0.002227	6.5
1851	-0.693115	351.986897	212.449950	0.001973	6.3
1852	-0.701960	352.986897	211.881883	0.001875	7.0
1853	-0.693907	353.986897	211.316844	0.002054	6.2
1854	-0.685389	354.986897	210.754812	0.002118	6.4
1855	-0.688419	354.225758	211.182325	0.001870	7.7
1856	-0.688150	355.225758	210.621006	0.002202	6.6
1857	-0.688914	354.599628	210.972115	0.001843	7.2
1858	-0.680413	353.838489	211.400510	0.001833	6.3
1859	-0.725370	354.838489	210.838033	0.001905	5.5
1860	-0.684406	355.838390	210.278597	0.002339	5.4
1861	-0.680699	356.838389	209.722067	0.002551	6.3
1862	-0.665355	357.838389	209.168474	0.002133	6.0
1863	-0.692013	357.077250	209.589569	0.001939	5.3
1864	-0.696345	358.077245	209.036677	0.001736	6.0
1865	-0.688574	359.075812	208.487479	0.002318	5.3
1866	-0.692073	360.075812	207.940376	0.002349	5.9
1867	-0.665453	360.347566	207.792195	0.001967	6.3
1868	-0.684132	359.644899	208.175777	0.002258	5.7
1869	-0.680621	360.644899	207.630308	0.002151	5.4
1870	-0.700860	361.644899	207.087689	0.002304	6.1
1871	-0.681244	360.883760	207.500439	0.002278	5.6
1872	-0.698803	361.879459	206.960823	0.002341	5.6
1873	-0.691823	362.879459	206.421693	0.002167	6.5
1874	-0.683887	362.118400	206.831747	0.002442	5.7
1875	-0.704139	363.118303	206.293341	0.002111	5.5
1876	-0.699447	364.117539	205.758086	0.002162	5.8
1877	-0.683134	365.117539	205.225197	0.002439	6.1
1878	-0.712412	364.356420	205.630538	0.002401	5.8
1879	-0.710003	365.356420	205.098308	0.001995	5.7
1880	-0.701596	366.356420	204.568826	0.001856	6.7
1881	-0.687946	367.356179	204.042197	0.002046	5.1
1882	-0.681801	366.595040	204.442884	0.002383	5.5
1883	-0.720326	365.837128	204.843439	0.002974	6.2
1884	-0.685384	366.837128	204.315271	0.001847	5.7
1885	-0.693574	366.075989	204.717032	0.002068	5.6
1886	-0.687189	365.314850	205.120377	0.002176	6.0
1887	-0.710318	366.314850	204.590781	0.002064	5.7
1888	-0.685531	365.553711	204.993628	0.002113	6.3
1889	-0.712386	364.792622	205.398038	0.002506	6.1
1890	-0.696037	364.031483	205.804074	0.002032	5.8
1891	-0.680505	363.270345	206.211717	0.002009	5.5
1892	-0.687052	364.073409	205.781666	0.002132	6.9
1893	-0.705083	365.073339	205.248692	0.002263	6.3
1894	-0.707514	364.312200	205.654137	0.002061	5.9
1895	-0.665093	365.278875	205.139481	0.002431	6.3
1896	-0.698614	364.517736	205.544494	0.001851	6.0
1897	-0.692685	365.080802	205.244724	0.002547	5.9
1898	-0.692345	366.080802	204.714487	0.001836	6.3
1899	-0.707656	367.080785	204.186991	0.002746	5.8
1900	-0.700082	368.080783	203.662199	0.002022	5.8
1901	-0.688107	367.319644	204.061394	0.002174	6.4
1902	-0.705440	366.559027	204.461881	0.001926	6.1
1903	-0.662159	365.797888	204.864220	0.002128	5.7
1904	-0.711011	365.036749	205.268146	0.002127	6.2
1905	-0.666474	366.036749	204.737788	0.002150	5.6
1906	-0.720672	367.036749	204.210163	0.002567	5.8
1907	-0.706606	368.036749	203.685251	0.002300	6.5
1908	-0.713169	367.275636	204.084523	0.002705	6.0
1909	-0.714999	368.275636	203.560255	0.002220	5.7
1910	-0.696599	369.275636	203.038675	0.002334	6.2
1911	-0.689200	368.514497	203.435427	0.001937	6.1
1912	-0.697900	367.754646	203.833057	0.002105	5.9
1913	-0.712412	366.993507	204.232922	0.002691	6.6
1914	-0.695773	366.244951	204.627711	0.003015	6.1
1915	-0.689074	365.483812	205.030703	0.002026	5.6
1916	-0.692504	364.722673	205.435286	0.002051	6.5
1917	-0.695720	364.489350	205.559629	0.002566	6.0
1918	-0.706559	365.488173	205.028390	0.002288	6.1
1919	-0.680890	366.488173	204.499268	0.001801	6.1
1920	-0.712827	367.488164	203.972875	0.002408	5.9
1921	-0.689197	368.485763	203.450435	0.002115	5.7
1922	-0.668902	369.485763	202.929416	0.001999	6.4
1923	-0.677182	368.724624	203.325741	0.003764	6.1
1924	-0.691014	369.724624	202.805359	0.002251	5.9
1925	-0.725740	368.963485	203.201199	0.002275	6.1
1926	-0.684715	368.202346	203.598587	0.002067	6.3
1927	-0.673936	369.202346	203.076810	0.002770	5.6
1928	-0.684609	370.202346	202.557701	0.002068	7.3
1929	-0.704869	369.441207	202.952574	0.002593	6.0
1930	-0.694643	368.680068	203.348989	0.002061	5.7
1931	-0.678975	367.918929	203.746956	0.001767	6.7
1932	-0.701009	368.918929	203.224419	0.002079	5.8
1933	-0.698686	369.918929	202.704556	0.002144	5.7
1934	-0.681207	370.918929	202.187345	0.002880	7.1
1935	-0.705467	371.918051	201.673218	0.002047	6.0
1936	-0.705687	372.918051	201.161251	0.001999	5.5
1937	-0.713781	373.918051	200.651876	0.002249	6.2
1938	-0.692495	373.156912	201.039346	0.002246	5.9
1939	-0.697908	372.499005	201.375472	0.001819	5.6
1940	-0.676084	372.899026	201.170966	0.002297	6.1
1941	-0.690915	373.899018	200.661547	0.002229	7.4
1942	-0.676722	373.137879	201.049054	0.002286	5.8
1943	-0.702720	372.376740	201.438061	0.002247	6.5
1944	-0.669352	371.615728	201.828511	0.002193	6.7
1945	-0.717634	372.615728	201.315756	0.002425	6.8
1946	-0.706528	371.854589	201.705797	0.002973	6.0
1947	-0.691206	372.854589	201.193664	0.002024	6.4
1948	-0.685496	373.854589	200.684125	0.002170	6.1
1949	-0.667955	374.853093	200.177917	0.002594	5.7
1950	-0.666744	375.853093	199.673504	0.002480	5.5
1951	-0.705749	376.853093	199.171627	0.002153	6.2
1952	-0.692679	377.853086	198.672269	0.001852	5.8
1953	-0.707820	377.091947	199.052124	0.002149	5.7
1954	-0.691775	378.091947	198.553362	0.002059	5.5
1955	-0.685001	379.069895	198.068010	0.002623	5.6
1956	-0.702184	380.069895	197.574161	0.002632	5.6
1957	-0.689914	381.069895	197.082768	0.002407	5.7
1958	-0.663304	380.308893	197.456496	0.003628	5.6
1959	-0.692425	381.308893	196.965688	0.002039	5.7
1960	-0.703520	380.547754	197.339039	0.002288	6.4
1961	-0.674399	380.507280	197.358931	0.002236	6.4
1962	-0.703873	381.507280	196.868608	0.002120	5.9
1963	-0.673363	380.746142	197.241590	0.003204	7.1
1964	-0.668977	379.985003	197.615989	0.002237	5.7
1965	-0.665861	379.223864	197.991812	0.002261	6.2
1966	-0.679669	380.223864	197.498342	0.002147	6.0
1967	-0.702709	379.462724	197.873717	0.003241	6.2
1968	-0.682076	380.462724	197.380835	0.002088	6.2
1969	-0.701085	381.462724	196.890403	0.002172	5.6
1970	-0.673897	382.460577	196.403447	0.002097	6.0
1971	-0.668040	381.699438	196.774667	0.002305	5.6
1972	-0.706956	380.938298	197.147294	0.002296	5.5
1973	-0.705969	380.177171	197.521329	0.002000	5.7
1974	-0.707767	379.416032	197.896791	0.002160	5.6
1975	-0.693831	378.654893	198.273684	0.002246	6.0
1976	-0.712630	379.654893	197.778810	0.002087	5.8
1977	-0.669411	378.893754	198.155253	0.002055	5.5
1978	-0.712550	378.132615	198.533131	0.002035	5.8
1979	-0.705312	379.132615	198.036963	0.003124	5.5
1980	-0.698131	380.132615	197.543269	0.001965	5.5
1981	-0.685736	381.128001	197.054290	0.002354	5.6
1982	-0.695962	382.127898	196.565527	0.002145	5.6
1983	-0.697009	381.366759	196.937362	0.002384	5.6
1984	-0.690617	380.615765	197.305621	0.002012	5.7
1985	-0.687774	381.614793	196.816037	0.002640	5.6
1986	-0.696864	380.853654	197.188820	0.002093	5.8
1987	-0.678206	381.853654	196.699340	0.002208	5.5
1988	-0.655068	382.853653	196.212285	0.002057	5.4
1989	-0.690856	382.445673	196.410702	0.002112	5.5
1990	-0.686847	381.684534	196.781950	0.002388	5.7
1991	-0.708212	382.684514	196.294495	0.002604	5.6
1992	-0.696150	383.684514	195.809439	0.002203	5.5
1993	-0.664824	384.684514	195.326775	0.002419	5.8
1994	-0.680051	385.684514	194.846484	0.002161	5.8
1995	-0.701366	384.923375	195.211837	0.002166	5.4
1996	-0.704132	385.923375	194.732111	0.002855	5.7
1997	-0.711722	385.163454	195.096450	0.002373	5.9
1998	-0.708366	384.402315	195.462741	0.002429	5.5
1999	-0.688472	383.779890	195.763302	0.002238	5.8
